105
1	-73.059644	-36.777125
78	-72.346903	-37.47365
79	-72.240649	-37.720357
80	-72.676335	-37.507514
81	-72.557662	-37.096364
82	-72.709237	-37.26429
83	-72.016676	-37.668147
84	-71.942299	-37.240323
85	-72.343014	-37.457331
86	-72.581752	-37.465835
87	-71.671956	-37.33143
88	-72.436029	-37.086161
89	-72.397616	-37.038151
90	-71.981389	-37.469444
91	-72.533476	-37.585352
92	-72.726798	-37.262497
93	-72.365242	-37.477068
94	-72.361897	-37.463611
95	-72.339298	-37.485509
96	-71.637247	-37.880521
97	-72.5387	-37.144591
98	-72.00975	-37.401944
99	-72.383354	-37.467607
100	-72.006609	-37.684828
101	-72.620556	-37.3975
102	-72.125556	-37.43
103	-72.152905	-37.346455
104	-72.202871	-37.253505
105	-72.177057	-37.564642
106	-72.427794	-37.276019
107	-72.210833	-37.485
108	-72.275556	-37.594444
109	-72.492306	-37.547072
110	-72.207222	-37.382778
111	-72.280691	-37.29995
112	-72.352335	-37.217097
113	-72.535526	-37.410633
114	-72.096944	-37.366111
115	-71.534991	-37.357753
116	-72.11473	-37.911707
117	-72.429789	-37.576579
118	-72.0175	-37.757778
119	-72.590997	-37.28867
120	-72.53432	-37.3495
121	-72.521374	-37.249014
122	-72.768093	-37.452025
123	-72.796188	-37.405541
124	-72.831674	-37.540954
125	-72.5975	-37.553611
126	-72.676155	-37.370726
127	-72.935556	-37.486111
128	-72.910962	-37.41294
129	-72.58814	-37.628928
130	-71.903333	-37.205278
131	-71.906389	-37.711667
132	-71.755833	-37.779722
133	-72.117222	-37.6775
134	-71.816111	-37.432222
135	-72.668333	-37.213056
136	-71.859168	-37.799933
137	-71.55706	-37.819471
138	-71.911532	-37.555083
139	-71.772972	-37.640963
140	-71.67115	-37.855759
141	-71.265979	-37.710429
142	-72.171111	-37.643611
143	-71.356681	-38.062854
144	-71.341145	-37.711279
145	-71.469406	-38.021516
146	-72.435611	-37.209
147	-72.728611	-37.130556
148	-72.625262	-36.987692
149	-72.619167	-37.198611
150	-72.351289	-37.203384
151	-72.324167	-37.101667
152	-72.277222	-37.034167
153	-71.948333	-37.293056
154	-71.837222	-37.275
155	-71.726944	-37.286111
156	-72.479167	-36.947222
157	-72.079444	-37.51
158	-71.818039	-37.486219
159	-71.48377	-37.713294
160	-72.060278	-37.780833
161	-72.456097	-37.635789
162	-72.139887	-37.450241
163	-72.500713	-37.466587
164	-71.864167	-37.661944
165	-72.403473	-37.807553
166	-71.215138	-37.753003
167	-71.845998	-37.516545
168	-72.528132	-36.954293
169	-72.342293	-37.462814
170	-72.234565	-37.710991
171	-72.683427	-37.497457
172	-72.660591	-37.50642
173	-72.375128	-37.467689
174	-72.328351	-37.490422
175	-72.343366	-37.486668
176	-72.366014	-37.468771
223	-72.413654	-37.035193
224	-72.021818	-37.668723
225	-72.696488	-37.281537
230	-72.327884	-37.491444
233	-72.236514	-37.73164
16
1	11	39	-1
2	12	13	74	75	76	80	101	-1
3	6	43	44	45	103	-1
4	3	40	41	42	84	85	89	94	105	-1
5	4	46	47	48	50	51	52	95	96	-1
6	15	49	53	-1
7	24	55	56	57	60	-1
8	14	22	58	81	82	-1
9	16	59	-1
10	7	62	63	66	88	91	102	-1
11	8	54	77	78	79	-1
12	5	21	70	71	72	73	92	-1
13	20	61	64	65	67	68	69	83	90	-1
14	98	104	99	19	2	17	100	97	23	9	93	18	-1
15	30	25	37	10	87	33	-1
16	32	29	31	86	26	34	38	27	35	28	36	-1
0	138	165	109.8	73.7	128.8	175.3	125.5	129.3	147.4	155.4	83.4	78.1	163.7	126.7	130.1	136.1	131.6	138.3	223.7	79.1	156.6	131.5	178.7	146.4	144.9	150.5	126.2	160.8	124	142.1	149.8	144.8	141.2	116.7	103.2	142.2	150.6	171.1	196.7	136.9	186	143.3	145.7	113.7	99.8	98.5	114.5	119.7	103.8	114.5	90.8	127.3	133.4	188.2	204.1	177	174.8	93.3	199.8	236.2	186.9	201.7	217.9	273.7	163.8	277.3	265.4	254	102.7	91.9	56.1	87.9	103.2	88.4	94.2	129.1	136.2	146.8	76.9	156.2	180.5	250.8	186.3	135.8	144.9	140.4	192.2	184.4	281.1	194.4	69.5	130	165	108.8	111.5	131	139.4	137.8	131.8	75.6	175.2	132.3	139.5	168.4
137.8	0	34.2	36.3	65.4	49.3	44.5	53.7	2.5	22.3	64.2	58.7	62.1	39.6	33.3	49.4	2.6	2.8	2.6	92.9	59.4	32.4	4.5	47.9	31.4	20.8	28.7	33	21.5	34.4	14.7	19	19.7	19.4	23.3	39.3	21.3	28.8	76.7	66	41.6	55.2	41.9	31	36.4	47.4	53.5	58.2	27.5	55.7	65.1	75.3	36	60.4	57.4	73.4	46.2	50.6	55.6	69	105.5	62.7	71	87.2	143	33	146.6	134.6	123.3	44.5	83.6	83.1	48.2	42.4	58.4	73.3	47	64	74.6	88.4	32	56.4	120	55.6	42.3	20.7	15.3	61.4	53.6	150.4	70.2	81.1	2.1	34.3	38.2	35.3	3.8	3.7	2.1	2.6	63	44.5	48.4	5.9	37.7
164.5	39	0	63.3	92.2	76.2	27	82.7	33.8	49.3	93.2	85.5	88.8	68.5	33.2	76.4	37	42.4	30.6	70.5	86.1	61.3	42.4	23.6	58.4	49.7	57.6	62	43.4	61.1	39.8	16	46.7	48.3	52.2	66	53	57.7	105.6	28.3	27.4	22	68.6	57.8	63.1	74.4	80.5	85.2	54.5	82.7	92.1	102.3	40	89.4	33.5	50.8	12.9	79.6	82.3	40	83	54.7	49.9	64.6	120.5	30	124.1	112.1	100.8	71.2	110.3	109.8	75	69.2	85.1	100.1	76	92.9	103.5	115.1	53.9	85.3	97.6	20	23.8	49.7	42.3	40.3	24	127.9	62.2	107.8	33.3	1.5	65.2	62.3	41.8	31.2	29.4	37.8	89.7	27.6	75.4	31	2.2
109.4	35.9	63.1	0	89.3	62.8	73.4	89.6	37.9	35.9	100.1	82.7	86	75.5	17	63	34	35.9	36.2	121.8	83.3	68.3	36	76.8	45	56.7	64.6	68.9	58.9	58.3	47.9	47.9	23.2	55.3	59.2	63.2	50.2	64.7	112.5	94.9	27.2	84.1	64.4	54.9	60.3	11.2	17.3	22	10	19.5	28.9	39.1	17.6	96.3	86.3	102.3	75.1	86.5	74.1	97.9	134.4	86.6	99.9	116.1	171.9	61.9	175.5	163.5	152.2	68.4	107.5	107	72.1	66.3	82.3	97.2	82.9	99.9	110.5	112.3	61.6	92.3	148.9	84.5	26.1	56.6	28.8	90.3	82.5	179.2	94	105	37.5	63.2	2	1.8	35.1	37.3	35.7	34.8	86.9	73.4	61.9	37.4	66.6
72.9	64.8	91.8	88.2	0	35.7	102.1	62.8	56.1	74.2	115.2	12.3	18.2	90.6	85.2	37	62.9	58.4	65.1	150.5	6.4	83.4	58.3	105.5	53.3	71.7	77.3	53	87.6	37.6	68.9	76.6	71.6	68	43.5	30	69	77.4	108.5	123.5	99.2	112.8	50.2	50	20.6	99.3	105.4	110.2	79.5	107.6	117.1	127.2	88	70.7	115	131	103.8	101.6	20.6	126.6	163	113.7	128.5	144.7	200.5	90.6	204.1	192.2	180.8	21.3	19.2	18.2	15.2	30	23.3	36.1	66.4	73.5	84.1	27	83	107.3	177.6	113.1	94.3	71.7	67.2	119	111.2	207.9	121.2	19.7	56.8	91.9	90.2	87.2	57.8	66.2	64.6	58.6	19	102	39.2	66.3	95.3
129.1	48.9	76.1	62.7	35.9	0	86.4	89.1	50.4	27.1	113.1	50	53.3	88.4	59.7	2.2	46.9	48.9	49.2	134.8	30	81.3	48.8	89.8	18.6	69.6	75	67.2	71.9	36.5	60.9	60.9	47.5	65.6	57.6	44.2	27.4	75	125.5	107.8	70	97.1	15.6	26.5	19.5	73.9	80	84.7	54	82.1	91.6	101.7	62.5	97.1	99.3	115.3	88.1	99.5	12.2	110.9	147.3	99.5	112.8	129	184.8	74.9	188.4	176.5	165.1	34.9	27.7	74.3	14.3	44.2	49.6	64.6	92.8	99.8	110.4	79.7	74.6	105.2	161.9	97.4	68.8	69.6	35	103.3	95.5	192.2	107	72.3	50.5	76.2	64.7	61.7	48.3	50.2	48.7	47.7	54.3	86.3	4.6	50.3	79.6
175.2	49.6	26.9	73.9	102.8	86.9	0	71	44.4	59.9	77.4	96.1	99.4	39.5	70.9	87	47.6	53	41.2	48.6	96.8	49.6	53	3.6	69	60.3	68.3	72.6	26.3	71.8	33.9	25.8	57.3	58.9	62.8	76.7	63.6	68.3	89.9	55.2	49.8	13.5	79.2	68.4	73.7	85	91.1	95.8	65.2	93.3	102.8	112.9	73.6	77.7	13.2	29.1	14.1	56.5	93	24.7	61.2	31.7	26.7	42.9	98.7	18.5	102.3	90.3	79	81.8	120.9	120.4	85.6	79.8	95.7	110.7	64.3	81.2	91.8	125.8	42.4	56.5	75.8	46.1	51.6	43.1	52.9	17.1	51.8	106.1	47.3	118.4	43.9	26.6	75.8	72.9	52.4	41.9	40	48.4	100.3	0.7	86	41.6	28.4
124.7	53.6	83.4	89.4	66.4	95.8	70.6	0	53.4	75.4	30.2	53.9	48.9	31.8	86.4	97.1	55.7	55.3	54.6	119	75.8	21.8	57	73.9	84.5	33.2	28.1	39.7	61.5	73.5	45.4	68.1	72.8	37.5	45.1	70.2	73.9	27.8	46	115.1	90.7	83.8	90.5	79.7	80.7	100.5	106.6	111.3	80.6	108.8	118.2	128.4	89.1	7.2	83.5	99.4	95.3	41	94.6	95	131.5	54.9	75.1	113.2	169	62.4	172.6	160.6	149.3	69.7	85.4	69.9	87.2	70.2	43.2	47.2	6.8	11	21.6	75.3	37.6	48.6	146.1	104.7	95.4	36.2	68.4	87.4	102.7	176.4	62.4	67.9	53.4	83.4	91.3	88.4	56.3	55.3	55.6	55.2	49.9	70.5	99.3	55.1	86.8
128.5	2.6	35	38.4	56.2	50.7	45.3	54.3	0	24.4	64.8	49.5	52.8	40.1	35.4	51.5	4.3	2.5	5.1	93.7	50.1	33	4.7	48.7	33.5	21.3	26.1	30.4	22.3	25.1	15.5	19.8	21.8	16.7	20.7	30.1	20	26.2	77.2	66.7	42.4	56	36.7	25.9	31.2	49.5	55.6	60.3	29.6	57.8	67.2	77.4	38.1	61	58.2	74.2	47	51.2	50.4	69.8	106.2	63.3	71.7	87.9	143.7	33.8	147.3	135.4	124	35.2	74.3	73.8	43.1	33.2	49.1	64.1	47.6	64.6	75.1	79.1	32.6	56.9	120.8	56.3	44.4	21.3	17.4	62.2	54.4	151.1	70.8	71.8	0.8	35.1	40.3	37.4	4.2	6.9	4.6	3.7	53.7	45.2	50.5	6.7	38.5
147.8	22	49.2	35.8	61.9	27.1	59.5	75.7	24	0	86.1	68.7	72	61.5	32.8	27.2	20	21.9	22.2	107.8	56	54.3	22	62.8	9.2	42.7	50.6	54.9	45	44.4	34	33.9	20.6	41.3	45.2	49.3	16.4	50.7	98.6	80.9	43	70.1	28.7	25.5	45.5	46.9	53	57.8	27.1	55.2	64.7	74.8	35.6	82.4	72.4	88.3	61.1	72.5	38.4	83.9	120.4	72.6	85.9	102.1	157.9	47.9	161.5	149.5	138.2	54.4	53.9	93	40.4	52.4	68.3	83.3	69	85.9	96.5	98.4	47.6	78.3	135	70.5	41.9	42.7	8.1	76.3	68.5	165.3	80.1	91	23.6	49.2	37.8	34.8	21.1	23.3	21.7	20.8	72.9	59.4	26.2	23.4	52.6
154.6	64.2	94	100	96.3	113	77.2	30.1	64	86.1	0	108.5	78.8	37.9	97	113.2	66.3	65.9	65.3	125.6	109.1	33	67.7	80.6	95.2	43.8	57.2	68.8	72.1	84.1	56	78.8	83.4	61.6	74.2	89.1	84.5	48	12.9	125.7	101.4	90.4	101.2	90.3	92.6	111.1	117.2	122	91.3	119.4	128.9	139	99.8	33.2	90.1	106.1	105.9	42.6	111.9	101.7	138.1	61.6	81.8	119.8	175.6	69.1	179.2	167.3	156	94.2	133.3	99.8	104.5	92.2	73.1	77.1	48.1	19.4	8.6	105.2	48.2	49.9	152.7	115.3	106.1	46.8	79	94.1	113.3	183	69	97.8	64	94	102	99	67	65.9	66.2	65.8	79.8	77.1	112.1	65.7	97.4
83.2	58.5	85.4	81.8	12.2	49.2	95.7	50.5	49.7	67.9	108.8	0	7.6	84.2	78.8	50.6	56.5	52.1	58.8	144.1	18.4	77	52	99.1	66.8	65.4	70.9	46.7	81.2	44.5	62.6	70.2	65.2	61.6	37.2	23.7	62.6	71	96.2	117.2	92.8	106.4	63.8	66.2	34.2	93	99.1	103.8	73.1	101.2	110.7	120.8	81.6	58.4	108.7	124.6	97.4	95.2	32.7	120.2	156.7	107.3	122.2	138.4	194.2	84.2	197.8	185.8	174.5	23.2	31.2	28.4	27.2	23.7	11	22.8	54.1	61.2	71.8	20.9	76.6	101	171.2	106.8	87.9	65.3	60.8	112.6	104.8	201.6	114.8	26.4	50.4	85.5	83.8	80.8	51.5	59.8	58.3	52.3	8.4	95.7	52.8	59.9	88.9
77.2	61.7	88.7	85.1	18	52.5	99	49.2	53	71.1	79.1	7.6	0	87.4	82.1	53.8	59.8	55.3	62	147.4	32.5	80.3	55.2	102.3	70.1	68.6	74.2	49.9	84.5	47.7	65.8	73.5	68.5	64.8	40.4	26.9	65.8	74.2	94.8	120.4	96.1	109.7	67	69.4	37.4	96.2	102.3	107	76.4	104.5	114	124.1	84.9	57.1	111.9	127.8	100.6	98.5	51.3	123.4	159.9	110.6	125.4	141.6	197.4	87.5	201	189.1	177.7	26.4	37.1	22.5	43.9	26.9	12.1	17.9	52.8	59.9	70.4	14.1	79.9	104.2	174.5	110	91.2	68.6	64.1	115.9	108	204.8	118.1	20.5	53.6	88.7	87	84.1	54.7	63.1	61.5	55.5	1.6	98.9	56	63.2	92.1
162.9	39.6	69.3	75.3	90.5	88.3	39.3	31.9	39.3	61.4	37.9	83.8	87.1	0	72.3	88.5	41.6	41.3	40.6	87.7	84.5	10.6	43	42.7	70.5	19.1	34.3	45.9	34.4	59.5	28	38.4	58.7	37	51.3	64.4	59.8	23.3	50.4	101	76.7	52.5	76.5	65.6	67.9	86.4	92.5	97.3	66.6	94.7	104.2	114.3	75.1	38.6	52.2	68.2	53.2	17	87.2	63.8	100.2	23.7	43.9	81.9	137.7	31.2	141.3	129.4	118.1	69.5	108.7	108.1	79.8	67.5	83.4	75.9	25.2	42.2	52.7	113.5	13.4	17	114.8	90.6	81.4	15	54.3	56.2	88.7	145.1	31.1	106.1	39.3	69.4	77.3	74.3	42.3	41.2	41.5	41.1	88.1	39.2	87.4	41	72.8
126.2	32.9	33.4	16.8	86.3	59.8	70.4	86.6	34.9	32.8	97.1	79.6	83	72.4	0	59.9	30.9	32.8	33.2	103.5	80.3	65.3	32.9	56.6	41.9	53.6	61.6	65.9	55.9	55.3	44.9	44.9	20.2	52.2	56.1	60.2	47.1	61.6	109.5	58.3	10.5	55	61.4	51.9	57.3	28	34.1	38.8	7.6	36.2	45.7	55.8	12.3	93.3	66.5	83.8	46	83.5	71.1	73.1	116	83.5	82.9	97.6	153.5	58.9	157.1	145.2	133.9	65.4	104.5	104	69.1	63.3	79.3	94.2	79.9	96.9	107.4	109.3	58.6	89.2	130.6	52.2	9.5	53.6	25.8	73.3	50.3	160.9	91	102	34.5	35.8	18.8	15.8	32.1	34.2	32.7	31.7	83.9	70.3	58.9	34.3	34.3
130.4	49.1	76.3	62.9	29.3	2.2	86.6	90.4	51.1	27.2	113.2	51.3	54.7	88.6	59.9	0	47.1	50.2	49.3	135	31.3	81.4	50.2	89.9	18.8	69.8	76.3	68.5	72.1	37.8	61.1	61	47.7	67	59	45.5	27.6	76.4	125.7	108	70.1	97.2	15.7	26.6	20.8	74	80.1	84.9	54.2	82.3	91.8	101.9	62.7	98.4	99.5	115.4	88.2	99.7	11.2	111	147.5	99.7	113	129.2	185	75	188.6	176.6	165.3	36.2	26.7	75.7	14	45.5	51	65.9	94.1	101.1	111.7	81	74.7	105.4	162.1	97.6	69	69.8	35.2	103.4	95.6	192.4	107.2	73.7	50.7	76.3	64.9	61.9	49.6	50.4	48.8	47.9	55.6	86.5	4.7	50.5	79.7
135.7	2.2	37.9	34.1	63.3	47.1	48.2	55.9	4.1	20.2	66.3	56.6	59.9	41.7	31.1	47.3	0	2.1	3.1	96.6	57.3	34.5	2.9	51.6	29.3	22.9	30.8	35.1	20.7	32.2	14.8	22.7	17.5	21.5	25.4	37.2	24.1	30.9	78.8	69.7	41.4	58.9	39.7	28.9	34.2	45.2	51.4	56.1	25.4	53.5	63	73.1	33.9	62.6	61.2	77.1	49.9	52.7	53.5	72.7	109.2	64.9	74.7	90.9	146.7	36.7	150.3	138.3	127	42.3	81.4	80.9	46.1	40.3	56.2	71.2	49.2	66.1	76.7	86.3	28.5	58.5	123.7	59.3	40.2	22.9	13.1	65.1	57.3	154.1	72.3	78.9	3.7	38	36.1	33.1	2	4.1	2.6	1.2	60.8	48.2	46.2	4.3	41.4
131	2.3	39.4	35.6	58.6	49	49.7	55.3	2.6	21.6	65.8	52	55.3	41.2	32.6	48.7	1.9	0	4.5	98.1	52.6	34	2.6	53	30.7	22.4	28.4	32.7	23.1	27.6	16.3	24.2	19	19.1	23	32.5	18.3	28.5	78.3	71.1	42.8	60.4	35	24.2	29.5	46.7	52.8	57.5	26.9	55	64.5	74.6	35.3	62	62.6	78.5	51.3	52.2	48.8	74.1	110.6	64.3	76.1	92.3	148.1	38.2	151.7	139.8	128.4	37.7	76.8	76.3	41.4	35.6	51.6	66.5	48.6	65.6	76.2	81.6	33.6	58	125.2	60.7	41.6	22.3	14.6	66.6	58.7	155.5	71.8	74.3	2	39.4	37.5	34.6	1.9	5.6	4	1.2	56.2	49.6	47.7	5.7	42.8
137.7	2.3	31.4	36.2	65.3	49.2	41.7	54.8	4.3	22.3	65.3	58.7	62	40.6	33.2	49.4	3.4	4.4	0	90	59.3	33.5	5.8	45	31.4	21.8	29.7	34.1	18.6	34.3	11.9	16.1	19.6	20.4	24.3	39.2	26.2	29.8	77.7	63.1	38.7	52.3	41.8	30.9	36.3	47.3	53.4	58.2	27.5	55.6	65.1	75.2	36	61.5	54.6	70.5	43.3	51.7	55.5	66.1	102.6	46.5	68.1	84.3	140.1	30.1	143.7	131.7	120.4	44.4	83.5	83	48.1	42.3	58.3	73.2	48.1	65.1	75.6	88.3	25.5	57.4	117.1	52.7	42.3	21.8	15.2	58.5	50.7	147.5	53.9	81	3.9	31.4	38.2	35.2	5	1.4	0.7	4.4	62.9	41.6	48.3	1.6	34.8
223.4	97.8	70.4	122.1	151	135.1	48.7	119.2	92.7	108.2	125.7	144.4	147.7	87.8	104.5	135.3	95.9	101.3	89.5	0	145	97.9	101.2	47.1	117.3	108.6	116.5	120.8	74.6	120	82.2	74	105.5	107.2	111.1	124.9	111.9	116.6	138.1	98.7	97	55.5	127.5	116.6	122	133.3	139.4	144.1	113.4	141.5	151	161.2	121.9	125.9	37.1	18.1	57.6	104.8	141.2	47.7	12.5	58.5	49.7	4.4	50	66.8	53.7	41.7	30.4	130.1	169.2	168.7	133.8	128	144	158.9	112.5	129.5	140.1	174	90.7	104.8	27.1	89.6	95.1	91.3	101.2	39	95.2	57.4	67.8	166.7	92.2	70.1	124.1	121.2	100.7	90.1	88.3	96.7	148.6	49.4	134.3	89.9	71.8
78.5	59	86	82.3	6.6	29.9	96.3	69.2	50.2	68.4	109.3	18.3	24.2	84.7	79.3	31.3	57	52.6	59.3	144.6	0	77.5	52.5	99.6	47.5	65.9	71.5	47.2	81.7	31.8	63.1	70.7	65.7	62.1	37.7	24.2	63.1	71.5	121.8	117.7	93.3	106.9	44.5	44.2	14.9	93.5	99.6	104.3	73.6	101.8	111.2	121.4	82.1	77.1	109.2	125.1	97.9	95.8	18.3	120.7	157.2	107.9	122.7	138.9	194.7	84.7	198.3	186.3	175	15.4	24.7	23.7	10.9	24.2	29.7	44.6	72.8	79.8	90.4	32.6	77.2	101.5	171.8	107.3	88.4	65.9	61.4	113.1	105.3	202.1	115.3	25.2	50.9	86	84.3	81.4	52	60.3	58.8	52.8	34.3	96.2	33.5	60.5	89.4
155.9	32.6	62.3	68.3	83.5	81.3	49.5	21.9	32.3	54.4	33	76.8	80.1	10.7	65.3	81.5	34.6	34.3	33.6	97.9	77.5	0	36	52.9	63.5	12.1	24.4	35.9	40.4	52.5	24.3	47.1	51.7	30	41.3	57.4	52.8	24.1	45.4	94	69.7	62.7	69.5	58.6	60.9	79.4	85.5	90.3	59.6	87.7	97.2	107.3	68.1	28.6	62.4	78.4	74.3	19.4	80.2	74	110.4	33.9	54.1	92.1	147.9	41.4	151.5	139.6	128.3	62.5	101.7	101.1	72.8	60.5	62	65.9	15.2	32.2	42.8	106.5	16.5	27.5	125	83.6	74.4	15.1	47.3	66.4	81.7	155.3	41.3	99.1	32.3	62.4	70.3	67.3	35.3	34.2	34.5	34.1	81.1	49.4	80.4	34	65.8
130.8	4.2	39.7	35.8	58.4	48.8	50	57.2	4.4	21.9	67.7	51.7	55.1	43.1	32.8	49	2.8	2.3	5.8	98.3	52.4	35.9	0	53.3	31	24.2	30.3	34.6	23.4	27.4	17.5	24.4	19.2	20.9	24.8	32.3	17.8	30.3	80.1	71.4	43.1	60.6	34.8	23.9	29.3	47	53.1	57.8	27.1	55.2	64.7	74.8	35.6	63.9	62.9	78.8	51.6	54.1	48.5	74.4	110.9	66.2	76.4	92.6	148.4	38.4	152	140	128.7	37.5	76.6	76	41.1	35.4	51.3	66.3	50.5	67.5	78.1	81.4	35.5	59.8	125.5	61	41.9	24.2	14.9	66.8	59	155.8	73.7	74.1	3.9	39.7	37.8	34.8	1	6.8	5.3	2	56	49.9	47.9	7	43.1
178.3	52.8	23.5	77	106	90	3.6	74.1	47.6	63.1	80.6	99.3	102.6	42.7	57.6	90.2	50.8	56.2	44.4	47.1	99.9	52.8	56.2	0	72.2	63.5	71.4	75.8	29.5	74.9	37.1	29	60.5	62.1	66	79.8	66.8	71.5	93	51.8	50.2	10.4	82.4	71.6	76.9	88.2	94.3	99	68.3	96.5	105.9	116.1	76.8	80.8	10.1	27.4	10.7	59.7	96.1	21.7	59.6	31.4	26.5	41.2	97.1	21.7	100.7	88.8	77.4	85	124.1	123.6	88.8	83	98.9	113.9	67.5	84.4	95	128.9	45.6	59.7	74.2	42.7	48.2	46.2	56.1	16.9	48.3	104.5	40.7	121.6	47.1	23.2	79	76.1	55.6	45	43.2	51.6	103.5	4.3	89.2	44.8	25
146.9	30.4	57.6	44.3	53.8	18.9	67.9	84.1	32.4	8.6	94.6	67.9	71.2	70	41.3	19.1	28.5	30.4	30.7	116.3	47.9	62.8	30.4	71.3	0	51.2	59.1	63.4	53.4	52.8	42.4	42.4	29	49.7	53.7	57.7	9.9	59.1	107	89.4	51.5	78.6	20.5	17.3	37.4	55.4	61.5	66.2	35.5	63.7	73.1	83.3	44	90.8	80.8	96.8	69.6	81	30.2	92.4	128.8	81.1	94.3	110.6	166.3	56.4	169.9	158	146.7	52.7	45.7	92.2	32.3	60.8	67.5	82.5	77.4	94.4	105	97.5	56.1	86.8	143.4	79	50.3	51.1	16.5	84.8	77	173.7	88.5	90.2	32	57.7	46.2	43.3	29.6	31.7	30.2	29.3	72.1	67.8	18	31.9	61.1
144.4	21.1	50.9	56.8	72	69.8	48.3	33	20.8	42.9	43.4	65.4	68.7	18.8	53.9	70	23.2	22.8	22.1	96.7	66	11.6	24.5	51.7	52	0	24	47	29.1	41	13	35.6	40.2	18.5	36.3	45.9	41.3	17.5	55.9	82.6	58.2	71.8	58	47.2	49.5	68	74.1	78.8	48.1	76.3	85.7	95.9	56.6	39.7	61.2	77.2	62.8	29.8	68.7	72.8	109.2	42	62.1	91	146.7	49.6	150.3	138.4	127.1	51.1	90.2	89.7	61.3	49	65	79.9	26.3	43.2	53.8	95	12.4	35.6	123.8	72.2	62.9	3.8	35.9	65.2	70.2	154.1	49.4	87.7	20.9	50.9	58.8	55.9	23.8	22.8	23.1	22.7	69.6	48.3	69	22.6	54.3
149.7	28.7	58.5	64.4	77.3	74.3	68.7	28.2	26.1	50.5	57.2	70.6	73.9	34.4	61.5	75.6	30.8	28	29.7	117.1	71.3	24.4	30.2	72.1	59.6	23.7	0	17	45.7	46.3	32.5	43.2	47.9	12	17	51.2	45.5	9.8	69.6	90.2	65.8	79.4	62.2	51.4	54.7	75.6	81.7	86.4	55.7	83.9	93.3	103.5	64.2	34.9	81.7	97.6	70.4	43.6	74	93.2	129.7	57.5	77.7	111.4	167.2	57.2	170.8	158.8	147.5	56.3	95.4	94.9	66.6	54.3	70.2	85.2	21.5	38.5	49.1	100.3	40.1	51.2	144.2	79.8	70.5	23.6	43.5	85.6	77.8	174.6	65	92.9	26.8	58.5	66.4	63.5	29.7	30.4	30.1	29.2	74.8	68.7	76.6	30.2	61.9
128.1	33.1	62.8	68.8	55.7	69.7	73.1	39.8	30.5	54.9	68.8	49	52.4	46	65.8	71	35.1	32.4	34.1	121.5	49.7	35.9	34.6	76.5	64	38.3	17	0	50.1	33.8	43.3	47.6	52.2	26.7	14.1	27.2	49.9	24.5	81.2	94.6	70.2	83.8	66.6	55.7	54.6	79.9	86.1	90.8	60.1	88.2	97.7	107.8	68.6	46.5	86	102	74.8	55.2	68.5	97.6	134	69.1	89.3	115.7	171.5	61.6	175.1	163.2	151.9	32.5	73.9	73.3	61.1	30.4	48.6	63.6	33.1	50.1	60.7	78.7	51.7	62.7	148.6	84.2	74.9	38.3	47.8	90	82.2	178.9	76.6	71.3	31.2	62.9	70.8	67.8	34.1	34.7	34.5	33.6	53.3	73	73.2	34.5	66.3
148.4	20.1	35	59.3	76	72.3	19.3	59	22.1	45.3	65.4	69.4	72.7	27.6	56.3	72.4	21.2	23.5	18.9	67.7	70	37.7	25.3	22.6	54.4	38	45.9	50.3	0	45	14.6	18.3	42.7	36.6	40.5	49.9	49	46	77.9	66.7	42.3	32.5	64.6	53.8	59.1	70.4	76.5	81.2	50.5	78.7	88.1	98.3	59	65.7	32.2	48.1	33.1	44.5	78.3	43.7	80.2	27.8	45.7	61.9	117.7	11	121.3	109.3	98	55.1	94.2	93.7	71	53	69	83.9	52.3	69.3	79.8	99	26.1	44.5	94.8	56.3	54.2	23.8	38.3	36.1	54.3	125.1	35.3	91.7	21.6	35	61.2	58.3	24.6	19.5	18.4	23.4	73.6	19.2	71.4	19.3	38.4
109.1	34.4	61.4	57.8	37.7	36.4	71.7	74.3	25.7	43.8	84.8	30.1	33.4	60.1	54.8	37.7	32.5	28	34.7	120.1	31.8	53	27.9	75.1	53.9	41.3	46.9	33.8	57.2	0	38.5	46.2	41.2	37.6	24.3	10.9	38.6	47	97.2	93.1	68.8	82.4	35.5	24.6	16.9	68.9	75	79.8	49.1	77.2	86.7	96.8	57.6	81	84.6	100.5	73.4	71.2	36.1	96.2	132.6	83.3	98.1	114.3	170.1	60.2	173.7	161.8	150.4	16	55.9	54.4	28.7	14	29.7	44.7	67.6	84.6	95.1	59.7	52.6	76.9	147.2	82.7	63.9	41.3	36.8	88.6	80.8	177.5	90.8	52.4	26.4	61.5	59.8	56.8	27.4	35.8	34.2	28.2	34.3	71.6	39.9	35.9	64.9
141.4	14.8	40.6	47.9	69	60.9	33.7	45.5	15	34	56	62.3	65.7	24.2	44.9	61.1	15.1	16.5	11.9	82	63	24.2	18.2	37	43.1	14.6	32.8	43.2	14.4	38	0	25.4	31.3	29.6	33.5	42.9	45.1	30	68.4	72.3	48	46.8	60.7	49.9	46.5	59.1	65.2	69.9	39.2	67.3	76.8	87	47.7	52.2	46.6	62.5	52.6	42.4	65.7	58.1	94.6	41.2	60.1	76.3	132.1	25.4	135.7	123.7	112.4	48.1	87.2	86.6	58.3	46	61.9	76.9	38.8	55.8	66.4	92	14.6	41	109.1	61.9	59.8	9.2	27	50.5	60	139.5	48.6	84.7	14.6	40.6	49.9	47	17.5	12.5	12.3	16.4	66.6	33.6	60.1	12.3	44
149.4	23.8	16.7	48.1	77	61.1	25.5	67.5	18.6	34.2	78	70.3	73.7	53.4	45.1	61.3	21.9	27.3	15.5	73.9	71	46.2	27.2	28.9	43.3	34.6	42.5	46.8	28.3	46	24.6	0	31.5	33.2	37.1	50.9	37.8	42.6	90.4	48.4	24.1	37.6	53.5	42.6	48	59.2	65.3	70.1	39.4	67.5	77	87.1	47.9	74.2	38.4	54.4	28.6	64.4	67.2	50	86.5	38.7	52	68.2	124	14	127.6	115.6	104.3	56.1	95.2	94.7	59.8	54	70	84.9	60.8	77.8	88.4	100	38.8	70.2	101	38	35.9	34.5	27.1	42.4	36	131.4	46.1	92.7	18.1	16.7	50.1	47.1	26.7	16.1	14.3	22.6	74.6	25.5	60.2	15.9	20.1
145.1	19.3	46.5	23.2	72.7	47.5	56.8	73	21.3	20.6	83.5	66	69.4	58.8	20.2	47.7	17.3	19.2	19.6	105.2	66.7	51.7	19.3	60.2	29.7	40	48	52.3	42.3	41.7	31.3	31.3	0	38.6	42.5	46.6	33.5	48	95.9	78.2	30.4	67.5	49.1	38.3	43.7	34.3	40.4	45.2	14.5	42.6	52.1	62.2	23	79.7	69.7	85.6	58.5	69.9	58.8	81.3	117.7	69.9	83.2	99.4	155.2	45.3	158.8	146.9	135.5	51.8	90.9	90.3	55.5	49.7	65.6	80.6	66.3	83.3	93.8	95.7	45	75.6	132.3	67.8	29.3	40	13.5	73.7	65.9	162.6	77.4	88.4	20.9	46.6	25.2	22.2	18.5	20.6	19.1	18.1	70.3	56.7	46.6	20.7	50
140.3	19.4	49.1	55.1	67.9	64.9	59.4	37.7	16.8	41.2	61.6	61.3	64.6	37	52.1	66.3	21.4	18.7	20.4	107.8	61.9	33.8	20.9	62.8	50.3	18.2	12	26.7	36.4	36.9	29.6	33.9	38.5	0	19.8	41.8	36.2	12.1	74.1	80.9	56.5	70.1	52.9	42	45.4	66.2	72.4	77.1	46.4	74.5	84	94.1	54.9	44.4	72.3	88.3	61.1	48	64.6	83.9	120.3	60.2	85.8	102	157.8	47.9	161.4	149.5	138.2	47	86.1	85.6	57.3	44.9	60.9	75.8	31	48	58.5	90.9	29.4	53.8	134.9	70.5	61.2	18.2	34.1	76.3	68.5	165.2	67.6	83.6	17.4	49.2	57.1	54.1	20.4	21	20.8	19.9	65.5	59.3	67.2	20.8	52.6
118.6	23.3	53	59	46.2	60.1	63.3	45.2	20.7	45.1	74.2	39.5	42.8	51.3	56	61.5	25.3	22.6	24.3	111.7	40.2	41.3	24.8	66.7	54.2	36	17	14.1	40.3	24.3	33.5	37.8	42.4	19.8	0	17.6	40.1	26.8	86.6	84.8	60.4	74	56.8	45.9	45.1	70.1	76.3	81	50.3	78.4	87.9	98	58.8	51.9	76.2	92.2	65	60.6	58.9	87.8	124.2	74.5	89.7	105.9	161.7	51.8	165.3	153.4	142.1	22.9	64.3	63.8	51.6	20.9	39.1	54.1	38.5	55.5	66.1	69.2	47.3	68.1	138.8	74.4	65.1	36	38	80.2	72.4	169.1	82	61.8	21.4	53.1	61	58	24.3	24.9	24.7	23.8	43.7	63.2	63.7	24.7	56.5
102.6	39.5	66.4	62.8	30.2	44.2	76.7	62.7	30.7	48.9	89.8	23.5	26.9	65.2	59.8	45.5	37.5	33	39.7	125.1	24.2	58	33	80.1	58	46.4	51.9	27.2	62.2	10.9	43.6	51.2	46.2	42.6	17.6	0	43.6	52	102.3	98.2	73.8	87.4	58	47.2	29.1	73.9	80.1	84.8	54.1	82.2	91.7	101.8	62.6	70.6	89.6	105.6	78.4	76.2	43	101.2	137.7	88.3	103.2	119.4	175.2	65.2	178.8	166.8	155.5	9.5	48.4	47.9	35.6	7.4	23.2	38.1	66.3	73.3	83.9	53.2	57.6	82	152.2	87.8	68.9	46.3	41.8	93.6	85.8	182.6	95.8	45.9	31.4	66.5	64.8	61.8	32.4	40.8	39.2	33.2	27.8	76.7	47.7	40.9	69.9
141.4	20.6	54	50.4	69.1	27.4	64.3	73.7	19.7	16.4	84.1	62.4	65.7	59.5	47.4	27.6	19.1	18.2	27.3	112.7	63	52.3	17.9	67.7	9.3	40.7	45.6	49.9	49.8	38	34.7	38.8	33.8	36.2	40.1	42.9	0	45.6	96.6	85.7	61.4	75	29.1	25.8	45.9	61.5	67.6	72.4	41.7	69.8	79.3	89.4	50.2	80.3	77.2	93.1	65.9	70.5	38.8	88.8	125.2	77.4	90.7	106.9	162.7	52.8	166.3	154.4	143	48.1	54.3	86.7	40.8	46.1	62	77	67	83.9	94.5	92	51.9	76.3	139.8	75.3	56.5	40.7	24.4	81.2	73.4	170.1	84.9	84.7	19.8	54	52.4	49.4	17.3	28.4	26.8	18.2	66.6	64.2	26.6	28.5	57.4
149.7	28.8	58.5	64.5	77.3	74.3	62.2	28	26.2	50.6	48	70.7	74	23.4	61.5	75.7	30.8	28.1	29.8	110.6	71.3	24.1	30.3	65.5	59.7	17.9	9.8	24.5	45.8	46.3	30.1	43.3	47.9	12.1	26.8	51.2	45.6	0	60.5	90.3	65.9	79.5	62.3	51.4	54.8	75.6	81.8	86.5	55.8	83.9	93.4	103.5	64.3	34.7	75.1	91	70.5	34.4	74	86.6	123.1	46.5	66.7	104.8	160.6	57.3	164.2	152.2	140.9	56.4	95.5	95	66.7	54.3	70.3	72	21.3	38.3	48.8	100.3	29.2	40.2	137.7	79.9	70.6	20.9	43.5	79	77.9	168	54	93	26.9	58.6	66.5	63.5	29.8	30.4	30.2	29.3	74.9	62.1	76.6	30.2	62
170.3	76.7	106.4	112.4	112	125.4	89.7	45.9	76.4	98.5	12.9	99.6	94.6	50.4	109.4	125.6	78.7	78.4	77.7	138	121.6	45.4	80.1	93	107.6	56.2	69.6	81.2	84.5	96.6	68.5	91.2	95.8	74.1	86.6	101.5	96.9	60.5	0	138.2	113.8	102.8	113.6	102.8	105.1	123.6	129.7	134.4	103.7	131.8	141.3	151.4	112.2	49	102.6	118.5	118.4	55	124.3	114.1	150.6	74	94.2	132.3	188.1	81.5	191.7	179.7	168.4	106.7	131.1	115.6	116.9	104.6	88.9	92.8	52.2	35.2	24.4	120.9	60.6	62.3	165.2	127.8	118.5	59.3	91.4	106.5	125.8	195.5	81.5	113.6	76.4	106.5	114.4	111.4	79.4	78.3	78.6	78.2	95.5	89.6	124.5	78.1	109.9
194.1	68.5	28.6	92.8	121.7	105.8	55.2	112.2	63.3	78.9	122.7	115	118.4	98.1	61	106	66.5	72	60.2	98.6	115.7	90.9	71.9	51.8	88	79.3	87.2	91.5	73	90.7	69.3	45.6	76.2	77.8	81.8	95.6	82.5	87.2	135.1	0	57	50.1	98.1	87.3	92.7	103.9	110	114.8	84.1	112.2	121.7	131.8	67.8	118.9	61.7	79	41.1	109.1	111.9	68.2	111.2	84.2	78	92.8	148.7	59.6	152.3	140.3	129	100.8	139.9	139.3	104.5	98.7	114.6	129.6	105.5	122.5	133.1	144.7	83.5	114.9	125.8	45.3	51.6	79.2	71.8	68.5	51.8	156.1	91.7	137.3	62.8	35.6	94.8	91.8	71.4	60.8	58.9	67.3	119.3	55.8	104.9	60.6	28.1
136.4	46.6	27.1	27.1	99.8	70	49.2	90.3	41.4	43.1	100.8	93.1	96.5	76.2	10.5	70.2	44.7	50.1	38.3	97.6	93.8	69	50	49.7	52.2	57.4	65.3	69.6	51.1	68.8	47.4	23.7	30.4	56	59.9	73.7	60.6	65.4	113.3	58.9	0	48.1	71.6	65.4	70.8	38.2	44.3	49	17.8	46.5	56	66.1	18.7	97	59.6	78.1	39.1	87.2	81.3	66.2	110.1	62.4	75.6	91.8	147.6	37.7	151.2	139.3	128	78.9	118	117.5	82.6	76.8	92.8	107.7	83.6	100.6	111.2	122.8	61.6	93	124.7	48.5	12.6	57.3	36	66.1	46.5	155	69.8	115.5	40.9	27.2	29	26.1	49.5	38.9	37.1	45.5	97.4	49.1	69.1	38.7	30.6
185.6	60	21.8	84.3	113.2	97.3	13.5	84	54.8	70.3	90.4	106.5	109.8	52.6	55.9	97.4	58	63.5	51.6	55.5	107.2	62.6	63.4	10.4	79.4	70.7	78.7	83	39.3	82.2	46.9	37.1	67.7	69.3	73.2	87.1	74	78.7	102.9	50.1	48.5	0	89.6	78.8	84.1	95.4	101.5	106.3	75.6	103.7	113.2	123.3	84.1	90.7	18.6	35.9	21.9	69.5	103.4	18.1	68.1	41.3	36.3	49.6	105.6	31.5	109.2	97.2	85.9	92.2	131.4	130.8	96	90.2	106.1	121.1	77.3	94.2	104.8	136.2	55.4	69.5	82.6	41	46.5	70.7	63.3	26.8	46.7	112.9	50.5	128.8	54.3	21.5	86.3	83.3	62.9	52.3	50.4	58.8	110.8	14.1	96.4	52.1	23.3
143.5	41.8	68.8	64.4	50.3	15.4	79.1	88.8	36.4	28.7	99.3	64.4	67.7	74.7	61.4	15.4	39.9	34.9	42.1	127.5	44.4	67.5	34.8	82.4	20.2	55.9	61.4	65.7	64.6	35.4	53.8	53.6	49.1	52.1	56	58.6	29.1	61.5	111.7	100.5	71.6	89.8	0	10.8	33.9	75.5	81.6	86.3	55.6	83.8	93.2	103.4	64.1	95.5	92	107.9	80.7	85.7	26.8	103.5	140	92.2	105.5	121.7	177.5	67.6	181.1	169.2	157.8	49.3	42.2	88.7	28.8	58.5	64	79	82.1	99.1	109.7	94.1	67.5	91.5	154.6	90.1	70.4	55.8	36.6	96	88.1	184.9	99.7	86.7	36.5	68.8	66.3	63.4	34.3	43.2	41.6	35.1	68.6	79	11.3	43.3	72.2
146.3	31	57.9	54.3	50.2	26.5	68.2	78	25.6	25.5	88.5	67.3	70.6	63.8	51.3	26.6	29	24	31.3	116.6	44.3	56.6	24	71.6	17	45	50.6	54.9	53.7	24.5	43	42.7	37.7	41.2	45.1	47.8	25.8	50.6	100.9	89.7	65.3	78.9	10.8	0	29.4	65.5	71.6	76.3	45.6	73.7	83.2	93.3	54.1	84.7	81.2	97.1	69.9	74.9	37.8	92.7	129.2	81.4	94.7	110.9	166.7	56.7	170.3	158.3	147	49.2	53.3	91.6	41.2	50.9	66.9	81.8	71.3	88.2	98.8	96.9	56.6	80.6	143.7	79.3	60.4	45	33.3	85.1	77.3	174.1	88.9	89.6	25.7	58	56.3	53.3	23.4	32.3	30.8	24.2	71.5	68.2	20.6	32.4	61.4
114	36.3	63.3	59.7	20.8	19.5	73.6	74	30.9	45.5	93.4	34.9	38.3	68.7	56.7	20.8	34.4	29.4	36.6	122	14.9	61.5	29.3	77	37.1	49.9	55.5	52.1	59.1	17	47.1	48.1	43.1	46.1	42.6	29.1	45.9	55.5	105.8	95	70.7	84.3	34	29.4	0	70.8	76.9	81.7	51	79.1	88.6	98.7	59.5	82	86.5	102.5	75.3	79.8	19.2	98.1	134.5	86.8	100	116.2	172	62.1	175.6	163.7	152.3	19.8	39	59.2	11.8	29.1	34.5	49.5	77.7	84.7	95.3	64.6	61.2	85.5	149.1	84.6	65.8	49.9	38.7	90.5	82.7	179.4	94.2	57.2	31	63.4	61.7	58.7	28.8	37.7	36.1	29.6	39.2	73.5	23	37.8	66.8
98.2	54.3	81.5	18.5	107.7	81.2	91.8	108	56.3	54.3	118.5	101.1	104.4	93.9	35.4	81.4	52.4	54.3	54.6	140.2	101.7	86.7	54.4	95.2	63.4	75.1	83	87.3	77.3	76.7	66.3	66.3	41.6	73.7	77.6	81.6	68.6	83.1	130.9	113.3	45.6	102.5	82.8	73.3	78.7	0	6.1	23.2	28.4	21.6	24.3	27.9	36	114.7	104.7	120.7	93.5	104.9	92.5	116.3	152.8	105	118.3	134.5	190.3	80.3	193.9	181.9	170.6	86.8	125.9	125.4	90.5	84.7	100.7	115.6	101.3	118.3	128.9	130.7	80	110.7	167.3	102.9	44.5	75	47.2	108.7	100.9	197.6	112.4	123.4	55.9	81.6	17.5	20.2	53.5	55.7	54.1	53.2	105.3	91.8	80.3	55.8	85
92.1	55.1	82.3	19.3	108.5	82	92.6	108.8	57.1	55.1	119.3	101.8	105.2	94.7	36.2	82.2	53.1	55	55.4	141	102.5	87.5	55.1	96	64.2	75.8	83.8	88.1	78.1	77.5	67.1	67.1	42.4	74.4	78.4	82.4	69.3	83.8	131.7	114.1	46.4	103.3	83.6	74.1	79.5	9.3	0	23.9	29.2	15.5	24	21.8	36.8	115.5	105.5	121.5	94.3	105.7	93.3	117.1	153.5	105.8	119	135.2	191	81.1	194.6	182.7	171.4	87.6	126.7	126.2	91.3	85.5	101.5	116.4	102.1	119.1	129.7	131.5	80.8	111.5	168.1	103.7	45.2	75.8	48	109.5	101.7	198.4	113.2	124.2	56.7	82.4	18.3	21	54.3	56.4	54.9	53.9	106.1	92.5	81.1	56.6	85.8
114.1	57.9	85.1	22	111.3	84.8	95.4	111.6	59.9	57.9	122.1	104.6	108	97.5	38.9	85	55.9	57.8	58.2	143.8	105.3	90.3	57.9	98.8	67	78.6	86.6	90.9	80.9	80.3	69.9	69.9	45.2	77.2	81.1	85.2	72.1	86.6	134.5	116.8	49.2	106.1	86.4	76.9	82.3	15.9	22	0	32	37.5	22.3	28.3	39.6	118.3	108.3	124.3	97.1	108.5	96.1	119.9	156.3	108.6	121.8	138	193.8	83.9	197.4	185.5	174.1	90.4	129.5	129	94.1	88.3	104.3	119.2	104.9	121.9	132.4	134.3	83.6	114.2	170.9	106.4	48	78.6	50.8	112.3	104.5	201.2	116	127	59.5	85.2	21	23.8	57.1	59.2	57.7	56.7	108.9	95.3	83.9	59.3	88.6
118.5	27.2	54.4	9.2	80.6	54.1	64.7	80.9	29.2	27.1	91.4	73.9	77.2	66.7	7.6	54.2	25.2	27.1	27.4	113.1	74.6	59.5	27.2	68	36.2	47.9	55.8	60.2	50.2	49.6	39.2	39.2	14.5	46.5	50.4	54.5	41.4	55.9	103.8	86.1	17.8	75.3	55.7	46.2	51.6	20.3	26.4	31.1	0	28.6	38.1	48.2	8.5	87.6	77.6	93.5	66.3	77.8	65.4	89.1	125.6	77.8	91.1	107.3	163.1	53.2	166.7	154.7	143.4	59.6	98.8	98.2	63.4	57.6	73.5	88.5	74.2	91.1	101.7	103.6	52.8	83.5	140.2	75.7	16.7	47.9	20.1	81.6	73.7	170.5	85.3	96.2	28.8	54.4	11.1	8.2	26.4	28.5	27	26	78.2	64.6	53.2	28.6	57.8
103.5	53.9	81.2	17.9	107.4	80.8	91.4	107.6	55.9	53.9	118.1	100.7	104	93.5	35	81	52	53.9	54.2	139.8	101.3	86.3	54	94.8	63	74.7	82.6	86.9	76.9	76.3	66	65.9	41.2	73.3	77.2	81.2	68.2	82.7	130.6	112.9	45.2	102.1	82.5	73	78.3	22.8	21.5	37.5	28	0	37.5	33.2	35.6	114.3	104.4	120.3	93.1	104.5	92.2	115.9	152.4	104.6	117.9	134.1	189.9	79.9	193.5	181.5	170.2	86.4	125.5	125	90.2	84.4	100.3	115.3	101	117.9	128.5	130.3	79.6	110.3	166.9	102.5	44.1	74.7	46.9	108.3	100.5	197.3	112.1	123	55.5	81.2	16.2	18.7	53.1	55.3	53.7	52.8	104.9	91.4	80	55.4	84.6
116.5	64.8	92	29	118.2	91.7	102.3	118.5	66.8	64.8	129	111.5	114.9	104.4	45.9	91.9	62.9	64.7	65.1	150.7	112.2	97.2	64.8	105.7	73.9	85.6	93.5	97.8	87.8	87.2	76.8	76.8	52.1	84.1	88.1	92.1	79	93.5	141.4	123.8	56.1	113	93.3	83.8	89.2	18.3	24.4	22.3	38.9	39.9	0	18.3	46.5	125.2	115.2	131.2	104	115.4	103	126.8	163.2	115.5	128.7	144.9	200.7	90.8	204.3	192.4	181.1	97.3	136.4	135.9	101	95.2	111.2	126.1	111.8	128.8	139.4	141.2	90.5	121.2	177.8	113.4	54.9	85.5	57.7	119.2	111.4	208.1	122.9	133.9	66.4	92.1	28	30.7	64	66.1	64.6	63.6	115.8	102.2	90.8	66.3	95.5
91.2	68.8	96	33	122.2	95.7	106.3	122.5	70.8	68.8	133	115.5	118.9	108.4	49.9	95.9	66.8	68.7	69.1	154.7	116.2	101.2	68.8	109.7	77.9	89.5	97.5	101.8	91.8	91.2	80.8	80.8	56.1	88.1	92.1	96.1	83	97.5	145.4	127.8	60.1	117	97.3	87.8	93.2	23	21.7	37.6	42.9	27	18.3	0	50.5	129.2	119.2	135.2	108	119.4	107	130.8	167.2	119.5	132.7	148.9	204.7	94.8	208.3	196.4	185.1	101.3	140.4	139.9	105	99.2	115.2	130.1	115.8	132.8	143.4	145.2	94.5	125.2	181.8	117.4	58.9	89.5	61.7	123.2	115.4	212.1	126.9	137.9	70.4	96.1	32	34.7	68	70.1	68.6	67.6	119.8	106.2	94.8	70.3	99.5
126.9	35.7	40.3	17.6	89.1	62.6	73.2	89.4	37.7	35.6	99.9	82.4	85.7	75.2	12.3	62.7	33.7	35.6	35.9	121.6	83.1	68	35.7	76.5	44.7	56.4	64.3	68.7	58.7	58.1	47.7	47.6	23	55	58.9	63	49.9	64.4	112.3	65.2	18.7	61.8	64.2	54.7	60	28.7	34.8	39.6	8.5	37	46.5	56.6	0	96.1	86.1	102	52.8	86.3	73.9	97.6	134.1	86.3	99.6	115.8	171.6	61.7	175.2	163.2	151.9	68.1	107.3	106.7	71.9	66.1	82	97	82.7	99.6	110.2	112.1	61.3	92	148.7	59	16.3	56.4	28.6	90	57.1	179	93.8	104.7	37.3	42.6	19.6	16.6	34.9	37	35.4	34.5	86.7	73.1	61.7	37.1	41.1
132.7	60.5	90.2	96.2	74.4	103.8	77.4	7.1	60.2	82.3	33.2	62	57	38.6	93.2	105.1	62.5	62.2	61.5	125.8	83.8	28.6	63.9	80.8	91.4	40	34.9	46.5	68.3	80.4	52.2	75	79.6	44.4	51.9	78.2	80.7	34.7	49	121.9	97.6	90.6	97.4	86.5	88.7	107.3	113.4	118.2	87.5	115.6	125.1	135.2	96	0	90.3	106.3	102.2	47.9	102.6	101.9	138.3	61.8	82	120	175.8	69.3	179.4	167.5	156.2	77.7	93.5	78	95.2	78.2	51.3	55.2	13.7	14	24.6	83.3	44.4	55.4	152.9	111.5	102.3	43	75.2	94.3	109.6	183.2	69.2	76	60.2	90.3	98.2	95.2	63.2	62.1	62.4	62	57.9	77.3	107.3	61.9	93.7
187.9	62.3	33.4	86.6	115.5	99.6	13.2	83.7	57.1	72.7	90.2	108.8	112.2	52.3	67.5	99.8	60.4	65.8	54	37.1	109.5	62.4	65.7	10.1	81.8	73.1	81	85.3	39.1	84.5	46.6	38.5	70	71.7	75.6	89.4	76.3	81.1	102.6	61.7	60.1	18.6	92	81.1	86.5	97.7	103.8	108.6	77.9	106	115.5	125.6	86.4	90.4	0	17.5	20.6	69.2	105.7	13.7	49.7	37.4	28.6	31.2	87.2	31.3	90.8	78.8	67.5	94.6	133.7	133.2	98.3	92.5	108.5	123.4	77	94	104.5	138.5	55.2	69.2	64.2	52.6	58.1	55.8	65.6	18	58.3	94.6	46.7	131.2	56.6	33.1	88.6	85.6	65.2	54.6	52.8	61.2	113.1	13.8	98.7	54.4	34.9
203.9	78.3	50.7	102.6	131.5	115.6	29.2	99.7	73.1	88.7	106.2	124.8	128.2	68.3	84.8	115.8	76.4	81.8	70	18.1	125.5	78.4	81.7	27.4	97.8	89.1	97	101.3	55.1	100.5	62.6	54.5	86	87.7	91.6	105.4	92.3	97.1	118.6	79	77.4	35.9	108	97.1	102.5	113.7	119.8	124.6	93.9	122	131.5	141.6	102.4	106.4	17.5	0	37.9	85.2	121.7	28.1	30.5	39	30.2	13.8	68	47.3	71.4	59.6	48.1	110.6	149.7	149.2	114.3	108.5	124.5	139.4	93	110	120.6	154.5	71.2	85.2	45	69.9	75.4	71.8	81.6	19.5	75.6	75.4	48.3	147.2	72.6	50.4	104.6	101.6	81.2	70.6	68.8	77.2	129.1	29.8	114.7	70.4	52.2
176.6	51	12.8	75.3	104.2	88.3	14.1	94.7	45.8	61.3	105.2	97.5	100.8	53.2	46.9	88.4	49	54.4	42.6	57.5	98.2	73.4	54.4	10.6	70.4	61.7	69.7	74	39.9	73.2	51.8	28	58.7	60.3	64.2	78.1	65	69.7	117.6	41.1	39.5	21.9	80.6	69.8	75.1	86.4	92.5	97.2	66.6	94.7	104.2	114.3	75.1	101.4	20.6	37.9	0	91.6	94.4	32.1	70.1	41.9	36.9	51.6	107.6	42.1	111.2	99.2	87.9	83.2	122.4	121.8	87	81.2	97.1	112.1	88	105	115.5	127.2	65.9	70.1	84.6	32	37.5	61.7	54.3	27.4	37.7	114.9	51.1	119.8	45.3	12.5	77.2	74.3	53.8	43.3	41.4	49.8	101.8	14.7	87.4	43.1	14.3
174	50.6	80.4	86.4	101.6	99.4	56.3	41.2	50.4	72.5	42.6	94.9	98.2	17	83.4	99.6	52.7	52.4	51.7	104.7	95.6	19.4	54.1	59.6	81.6	30.2	43.6	55.2	51.4	70.6	44.9	65.2	69.8	48	60.6	75.5	70.9	34.4	55	112.1	87.8	69.5	87.6	76.7	79	97.5	103.6	108.4	77.7	105.8	115.3	125.4	86.2	47.9	69.2	85.1	70.1	0	98.3	80.7	117.2	40.7	60.8	98.9	154.7	48.1	158.3	146.3	135	80.6	119.7	119.2	90.9	78.6	94.5	85.2	34.5	51.5	62	124.6	30.2	29	131.8	101.7	92.5	33.2	65.4	73.2	99.8	162.1	48.1	117.2	50.4	80.4	88.4	85.4	53.4	52.3	52.6	52.2	99.1	56.2	98.5	52.1	83.8
92.7	55.9	82.9	74.1	20.8	12.2	93.1	88.2	50.5	38.4	112.9	32.6	52.5	88.3	71.1	11.2	53.9	49	56.2	141.5	18.6	81.1	48.9	96.5	30	69.5	75	66.3	78.6	36.5	66.7	67.6	58.8	65.7	56.8	43.3	38.8	75.1	125.4	114.6	81.3	103.8	26.9	37.8	19.6	85.2	91.3	96.1	65.4	93.5	103	113.1	73.9	96.2	106.1	122	94.8	99.3	0	117.6	154.1	106.3	119.6	135.8	191.6	81.6	195.2	183.2	171.9	34	14.6	38	6.7	43.3	48.8	63.7	91.9	98.9	109.5	46.8	80.7	105.1	168.6	104.2	80.2	69.4	46.4	110	102.2	199	113.8	39.5	50.6	82.9	76.1	73.1	48.3	57.2	55.7	49.2	53.4	93.1	15.9	57.3	86.3
199.4	73.9	45	98.1	127.1	111.1	24.7	95.2	68.7	84.2	101.7	120.4	123.7	63.8	79.1	111.3	71.9	77.3	65.5	47.7	121	73.9	77.3	21.7	93.3	84.6	92.5	96.9	50.6	96	58.2	50.1	81.6	83.2	87.1	100.9	87.9	92.6	114.1	73.3	71.6	18.1	103.5	92.7	98	109.3	115.4	120.1	89.4	117.6	127	137.2	97.9	101.9	13.7	28.1	32.2	80.8	117.2	0	60.3	52.5	39.3	41.9	97.8	42.8	101.4	89.4	78.1	106.1	145.2	144.7	109.9	104.1	120	135	88.6	105.5	116.1	150	66.7	80.8	74.9	64.1	69.7	67.3	77.2	28.6	69.8	105.2	61.8	142.7	68.2	44.6	100.1	97.2	76.7	66.1	64.3	72.7	124.6	25.4	110.3	65.9	46.4
236	110.4	82.9	134.7	163.6	147.7	61.3	131.8	105.2	120.7	138.2	156.9	160.2	100.4	117	147.8	108.4	113.9	102	12.5	157.6	110.4	113.8	59.6	129.8	121.1	129.1	133.4	87.1	132.6	94.7	86.6	118.1	119.7	123.6	137.5	124.4	129.1	150.7	111.2	109.6	68.1	140	129.2	134.5	145.8	151.9	156.7	126	154.1	163.6	173.7	134.5	138.5	49.7	30.5	70.1	117.3	153.8	60.3	0	71	62.2	16.7	37.5	79.3	65.9	29.1	42.7	142.6	181.8	181.2	146.4	140.6	156.5	171.5	125.1	142	152.6	186.6	103.2	117.3	14.6	102.1	107.6	103.9	113.7	51.6	107.8	44.9	80.3	179.2	104.7	82.6	136.7	133.7	113.3	102.7	100.8	109.2	161.2	61.9	146.8	102.5	84.4
186.1	62.8	55.4	86.8	113.7	99.8	31.7	55.1	62.5	72.8	61.6	107	110.3	23.7	83.8	99.9	64.8	64.5	46.5	58.5	107.7	33.8	66.2	31.4	81.9	42.3	57.5	69.1	34.7	82.7	41.2	38.7	70.2	60.2	74.5	87.6	76.5	46.5	74	87.1	62.8	41.3	92.1	81.3	91.2	97.9	104	108.8	78.1	106.2	115.7	125.8	86.6	61.8	37.4	39	41.9	40.6	110.4	52.5	71	0	18.7	52.8	108.5	31.4	112.1	100.2	88.9	92.7	131.9	131.3	103	90.7	106.6	99.1	48.4	65.4	75.9	136.7	26.5	40.6	85.6	76.7	74.6	38.2	65.8	19.5	74.7	115.9	9.3	129.3	62.5	55.4	88.8	85.8	65.5	47.1	45.9	64.3	111.3	32.3	98.9	46.9	58.8
201.4	75.8	49.8	100.1	129	113.1	26.7	73.8	70.6	86.2	80.2	122.3	125.7	42.4	83.9	113.3	73.9	79.3	67.5	49.8	123	52.5	79.2	26.5	95.3	61	76.2	87.8	52.6	98	60.1	52	83.5	85.2	89.1	102.9	89.8	65.2	92.7	78.1	76.4	36.3	105.5	94.6	100	111.2	117.4	122.1	91.4	119.5	129	139.1	99.9	80.5	28.7	30.2	37	59.3	119.2	39.3	62.3	18.7	0	44	99.8	44.8	103.4	91.4	80.1	108.1	147.2	146.7	111.8	106	122	136.9	67.1	84.1	94.6	152	45.2	59.3	76.9	68.9	74.5	56.9	79.1	9.5	74.6	107.2	28	144.7	70.1	49.4	102.1	99.1	78.7	68.1	66.3	74.7	126.6	27.3	112.2	67.9	51.2
217.7	92.1	64.5	116.4	145.3	129.4	43	113.5	86.9	102.5	119.9	138.6	141.9	82.1	98.6	129.6	90.1	95.6	83.8	4.4	139.3	92.2	95.5	41.2	111.6	102.9	110.8	115.1	68.9	114.3	76.4	68.3	99.8	101.4	105.4	119.2	106.1	110.8	132.4	92.8	91.2	49.6	121.7	110.9	116.3	127.5	133.6	138.4	107.7	135.8	145.3	155.4	116.2	120.2	31.2	13.8	51.7	99	135.5	41.9	16.7	52.8	44	0	54.2	61	57.6	45.8	34.3	124.3	163.5	162.9	128.1	122.3	138.2	153.2	106.8	123.8	134.3	168.3	84.9	99	31.3	83.7	89.2	85.6	95.4	33.3	89.3	61.6	62	160.9	86.4	64.2	118.4	115.4	95	84.4	82.5	90.9	142.9	43.6	128.5	84.2	66
273.5	147.9	120.4	172.2	201.1	185.2	98.8	169.3	142.7	158.2	175.7	194.4	197.7	137.9	154.5	185.3	145.9	151.4	139.5	50	195.1	147.9	151.3	97.1	167.3	158.6	166.6	170.9	124.6	170.1	132.2	124.1	155.6	157.2	161.1	175	161.9	166.6	188.2	148.7	147.1	105.6	177.5	166.7	172	183.3	189.4	194.2	163.5	191.6	201.1	211.2	172	176	87.2	68	107.6	154.8	191.3	97.8	37.5	108.5	99.7	54.2	0	116.8	103.4	8.4	80.2	180.1	219.3	218.7	183.9	178.1	194	209	162.6	179.5	190.1	224.1	140.7	154.8	22.9	139.6	145.1	141.4	151.2	89.1	145.3	7.5	117.8	216.7	142.2	120.1	174.2	171.2	150.8	140.2	138.3	146.7	198.7	99.4	184.3	140	121.9
163.4	37.8	30.7	62.1	91	75.1	18.3	62.6	32.6	48.2	69	84.3	87.7	31.2	59.1	75.3	35.9	41.3	29.5	66.7	85	41.2	41.2	21.6	57.3	48.6	56.5	60.8	17.8	60	25.4	14	45.5	47.2	51.1	64.9	51.8	56.6	81.5	62.4	38.1	31.5	67.5	56.6	62	73.2	79.3	84.1	53.4	81.5	91	101.1	61.9	69.3	31.2	47.1	32.1	48.1	81.2	42.7	79.2	31.4	44.7	60.9	116.7	0	120.3	108.3	97	70.1	109.2	108.7	73.8	68	84	98.9	55.9	72.8	83.4	114	34	48.1	93.8	52	49.9	34.6	41.1	35.1	50	124.1	38.9	106.7	32.1	30.7	64.1	61.1	40.7	30.1	28.3	36.7	88.6	18.2	74.2	29.9	34.1
277.1	151.5	124	175.8	204.7	188.8	102.4	172.9	146.3	161.8	179.3	198	201.3	141.5	158.1	188.9	149.5	155	143.1	53.9	198.7	151.5	154.9	100.7	170.9	162.2	170.2	174.5	128.2	173.7	135.8	127.7	159.2	160.8	164.7	178.6	165.5	170.2	191.8	152.3	150.7	109.2	181.1	170.3	175.6	186.9	193	197.8	167.1	195.2	204.7	214.8	175.6	179.6	90.8	71.4	111.2	158.4	194.9	101.4	65.9	112.1	103.3	57.6	103.4	120.4	0	95	23.3	183.7	222.9	222.3	187.5	181.7	197.6	212.6	166.2	183.1	193.7	227.7	144.3	158.4	80.5	143.2	148.7	145	154.8	92.7	148.9	110.8	121.4	220.3	145.8	123.7	177.8	174.8	154.4	143.8	141.9	150.3	202.3	103	187.9	143.6	125.5
265.1	139.5	112.1	163.8	192.7	176.8	90.4	160.9	134.3	149.9	167.4	186.1	189.4	129.5	146.2	177	137.6	143	131.2	41.7	186.7	139.6	142.9	88.8	159	150.3	158.2	162.5	116.3	161.7	123.8	115.7	147.2	148.9	152.8	166.6	153.5	158.3	179.8	140.4	138.7	97.2	169.2	158.3	163.7	174.9	181.1	185.8	155.1	183.2	192.7	202.8	163.6	167.6	78.8	59.6	99.3	146.4	182.9	89.4	29.1	100.2	91.4	45.9	8.4	108.5	95.1	0	71.8	171.8	210.9	210.4	175.5	169.7	185.7	200.6	154.2	171.2	181.8	215.7	132.4	146.5	14.6	131.2	136.8	133	142.8	80.7	136.9	15.8	109.5	208.4	133.9	111.7	165.8	162.8	142.4	131.8	130	138.4	190.3	91	175.9	131.6	113.5
253.8	128.2	100.8	152.5	181.4	165.5	79.1	149.6	123	138.6	156.1	174.7	178.1	118.2	134.8	165.7	126.3	131.7	119.9	30.6	175.4	128.3	131.6	77.4	147.7	139	146.9	151.2	105	150.4	112.5	104.4	135.9	137.6	141.5	155.3	142.2	147	168.5	129.1	127.4	85.9	157.9	147	152.4	163.6	169.7	174.5	143.8	171.9	181.4	191.5	152.3	156.3	67.5	48.1	87.9	135.1	171.6	78.1	42.6	88.9	80.1	34.3	80.1	97.2	23.3	71.8	0	160.5	199.6	199.1	164.2	158.4	174.4	189.3	142.9	159.9	170.4	204.4	121.1	135.1	57.2	119.9	125.4	121.7	131.5	69.4	125.6	87.5	98.2	197.1	122.5	100.4	154.5	151.5	131.1	120.5	118.7	127.1	179	79.7	164.6	120.3	102.2
102.7	44.6	71.6	67.9	21.5	34.9	81.9	62.8	35.8	54	94.9	23.6	27	70.3	65	36.2	42.6	38.2	44.9	130.2	15.5	63.1	38.1	85.2	52.4	51.5	57.1	32.4	67.4	16	48.7	56.3	51.4	47.7	22.9	9.4	48.7	57.1	107.4	103.3	79	92.5	49.4	52.3	19.8	79.1	85.2	89.9	59.2	87.4	96.8	107	67.7	70.7	94.8	110.7	83.5	81.4	33.7	106.3	142.8	93.5	108.3	124.5	180.3	70.3	183.9	171.9	160.6	0	39.7	48	26.3	9.4	23.3	38.2	66.4	73.4	84	53.3	62.8	87.1	157.4	92.9	74	51.5	47	98.7	90.9	187.7	100.9	46	36.5	71.6	69.9	67	37.6	45.9	44.4	38.4	27.9	81.8	38.4	46.1	75
76.1	83.1	110.1	106.5	19.5	27.7	120.4	81.8	74.4	53.9	133.5	31.3	37.2	108.9	103.5	26.6	81.2	76.7	83.4	168.8	24.7	101.7	76.6	123.8	45.4	90	95.6	71.3	105.9	55.9	87.2	94.9	89.9	86.3	61.8	48.3	54.3	95.7	127.4	141.8	117.5	131.1	42.4	53.3	38.9	117.6	123.7	128.5	97.8	125.9	135.4	145.5	106.3	89.7	133.3	149.3	122.1	119.9	14.6	144.9	181.3	132	146.8	163	218.8	108.9	222.4	210.5	199.1	39.6	0	36.7	16	48.3	42.3	55.1	85.4	92.4	103	45.5	101.3	125.6	195.9	131.4	112.6	90	85.5	137.3	129.5	226.2	139.5	38.2	75.1	110.2	108.5	105.5	76.1	84.5	82.9	76.9	38	120.3	31.4	84.6	113.6
56.5	82.5	109.4	105.8	18.1	73.2	119.7	69.9	73.7	91.9	99.8	27.8	22.5	108.2	102.8	74.6	80.5	76	82.7	168.1	23.5	101	76	123.1	90.8	89.4	94.9	70.7	105.2	68.5	86.6	94.2	89.2	85.6	61.1	47.7	86.6	95	115.6	141.2	116.8	130.4	87.8	90.2	58.2	116.9	123.1	127.8	97.1	125.2	134.7	144.8	105.6	77.9	132.6	148.6	121.4	119.2	37.8	144.2	180.7	131.3	146.2	162.4	218.2	108.2	221.8	209.8	198.5	47.2	36.3	0	32.3	47.7	32.9	38.7	73.6	80.6	91.2	21.3	100.6	125	195.2	130.8	111.9	89.3	84.8	136.6	128.8	225.6	138.8	14	74.4	109.5	107.8	104.8	75.4	83.8	82.2	76.2	20.1	119.7	76.8	83.9	112.9
87.3	48.2	75.2	71.5	15.4	14.3	85.5	80.6	42.8	40.5	105.2	27.1	44.8	80.6	68.5	14	46.2	41.3	48.5	133.8	10.9	73.4	41.2	88.8	32	61.8	67.3	58.6	70.9	28.8	59	59.9	54.9	58	49.1	35.6	40.8	67.4	117.7	106.9	82.5	96.1	29	41.2	11.9	82.7	88.8	93.5	62.8	90.9	100.4	110.6	71.3	88.5	98.4	114.3	87.1	91.6	6.7	109.9	146.4	98.6	111.9	128.1	183.9	73.9	187.5	175.5	164.2	26.3	16	32.5	0	35.6	41.1	56	84.2	91.2	101.8	41.4	73	97.4	160.9	96.5	77.6	61.7	50.6	102.3	94.5	191.3	106.1	34	42.9	75.2	73.5	70.6	40.7	49.5	48	41.5	45.7	85.4	18	49.6	78.6
100.7	44.5	71.4	67.8	28.3	42.2	81.7	60.7	35.7	53.9	94.8	21.6	24.9	70.2	64.8	43.6	42.5	38.1	44.8	130.1	22.3	63	38	85.1	59.8	51.4	56.9	32.3	67.2	15.9	48.6	56.2	51.2	47.6	22.8	9.3	48.6	57	107.3	103.2	78.8	92.4	56.8	52.2	27.2	79	85.1	89.8	59.1	87.2	96.7	106.8	67.6	68.7	94.7	110.6	83.4	81.2	41	106.2	142.7	93.3	108.2	124.4	180.2	70.2	183.8	171.8	160.5	9.4	46.5	45.9	33.7	0	21.2	36.2	64.3	71.4	82	51.3	62.6	87	157.2	92.8	73.9	51.3	46.8	98.6	90.8	187.6	100.8	43.9	36.4	71.5	69.8	66.8	37.4	45.8	44.3	38.3	25.9	81.7	45.8	45.9	74.9
87.7	58.7	85.7	82.1	22.9	49.5	96	39.8	50	68.1	69.7	11	12	68.4	79.1	50.8	56.8	52.3	59	144.4	29.5	58.4	52.2	99.3	67.1	65.6	71.2	46.9	81.5	44.7	62.8	70.5	65.5	61.8	37.4	23.9	62.9	71.2	85.5	117.4	93.1	106.7	64	66.4	34.4	93.2	99.3	104	73.4	101.5	111	121.1	81.9	47.7	108.9	124.8	97.6	77.6	48.3	120.4	156.9	91.5	122.4	138.6	194.4	84.5	198	186.1	174.7	23.4	42	33	40.9	23.9	0	12.1	43.4	50.5	61.1	38.3	76.9	85.2	171.5	107	88.2	65.6	61.1	112.9	105	201.8	99	31	50.6	85.7	84	81.1	51.7	60.1	58.5	52.5	12.9	95.9	53	60.2	89.1
93.5	73.8	100.8	97.2	35.2	64.6	111.1	47.4	65.1	83.2	77.2	22.8	17.8	76	94.2	65.9	71.9	67.4	74.1	159.5	44.6	65.9	67.3	114.5	82.2	80.7	72.2	62	96.6	59.8	77.9	85.6	80.6	77	52.5	39	78	72	93	132.5	108.2	121.8	79.1	81.5	49.5	108.3	114.4	119.2	88.5	116.6	126.1	136.2	97	55.3	124	139.9	112.8	85.2	63.4	135.6	172	99.1	137.5	153.7	209.5	99.6	213.1	201.2	189.8	38.5	54.3	38.8	56	39	12.1	0	51	58	68.6	44.1	92	92.7	186.6	122.1	103.3	80.7	76.2	128	120.2	216.9	106.6	36.8	65.8	100.9	99.2	96.2	66.8	75.2	73.6	67.6	18.7	111	68.1	75.3	104.3
128.4	47.1	76.8	82.8	70.1	99.5	64	7	46.8	68.9	36.4	57.7	52.7	25.3	79.8	100.9	49.1	48.8	48.1	112.4	79.6	15.2	50.5	67.4	78	26.6	21.5	33.1	54.9	67	38.9	61.6	66.2	31	38.5	71.9	67.3	21.3	52.2	108.6	84.2	77.2	84	73.2	75.5	93.9	100.1	104.8	74.1	102.2	111.7	121.8	82.6	13.7	76.9	92.9	88.8	34.5	98.3	88.5	125	48.4	68.6	106.7	162.5	55.9	166.1	154.1	142.8	73.5	89.2	73.7	91	74	47	50.9	0	17.2	27.8	79	31	42	139.5	98.2	88.9	29.7	61.8	80.9	96.2	169.9	55.9	71.7	46.8	76.9	84.8	81.8	49.8	48.7	49	48.6	53.6	64	94.9	48.5	80.3
135.4	64	93.8	99.8	77.1	106.5	81	10.9	63.8	85.8	19.5	64.6	59.6	42.2	96.8	107.8	66.1	65.7	65.1	129.4	86.5	32.2	67.5	84.4	94.9	43.6	38.5	50.1	71.9	83.9	55.8	78.5	83.2	48	55.5	80.9	84.3	38.3	35.2	125.5	101.2	94.2	101	90.1	91.4	110.9	117	121.8	91.1	119.2	128.7	138.8	99.6	14	93.9	109.8	105.7	51.5	105.3	105.5	141.9	65.4	85.5	123.6	179.4	72.8	183	171.1	159.7	80.4	96.1	80.6	97.9	80.9	53.9	57.9	17.2	0	10.8	86	48	59	156.5	115.1	105.9	46.6	78.8	97.9	113.1	186.8	72.8	78.6	63.8	93.8	101.7	98.8	66.8	65.7	66	65.6	60.6	80.9	110	65.5	97.2
145.9	74.6	104.4	110.4	87.6	117	91.6	21.5	74.3	96.4	8.6	75.2	70.2	52.8	107.4	118.4	76.7	76.3	75.6	140	97.1	42.8	78	94.9	105.5	54.2	49.1	60.7	82.5	94.5	66.4	89.1	93.8	58.5	66.1	91.5	94.9	48.8	24.4	136.1	111.7	104.8	111.5	100.7	102	121.5	127.6	132.3	101.6	129.8	139.2	149.4	110.1	24.6	104.5	120.4	116.3	62	115.8	116	152.5	75.9	96.1	134.2	190	83.4	193.6	181.6	170.3	91	106.7	91.2	108.5	91.5	64.5	68.4	27.8	10.8	0	96.5	58.6	69.6	167.1	125.7	116.4	57.2	89.4	108.4	123.7	197.4	83.4	89.2	74.4	104.4	112.3	109.4	77.3	76.3	76.6	76.2	71.1	91.5	120.6	76.1	107.8
76.1	75.5	102.4	98.8	27.2	66.2	112.7	62.9	66.7	84.9	92.8	20.9	14.1	101.2	95.8	67.6	73.5	69	75.7	161.1	32.6	94	69	116.1	83.8	82.4	87.9	63.7	98.2	61.5	79.6	87.2	82.2	78.6	54.1	40.7	79.6	88	108.6	134.2	109.8	123.4	80.8	83.2	51.2	109.9	116.1	120.8	90.1	118.2	127.7	137.8	98.6	70.9	125.6	141.6	114.4	112.2	46.8	137.2	173.7	124.3	139.2	155.4	211.2	101.2	214.8	202.8	191.5	40.2	45.4	21.4	41.4	40.7	25.9	31.7	66.6	73.6	84.2	0	93.6	118	188.2	123.8	104.9	82.3	77.8	129.6	121.8	218.6	131.8	7.3	67.4	102.5	100.8	97.8	68.4	76.8	75.2	69.2	13.5	112.7	69.8	76.9	105.9
155.4	32	54.2	61.6	83	74.6	42.2	37.7	31.8	47.6	48.2	76.3	79.6	13.5	58.6	74.8	34.1	33.8	25.5	90.6	77	16.4	35.5	45.5	56.7	12.7	40.2	51.7	25.8	52	14.6	39	45	29.4	47.2	56.9	52.3	29.2	60.7	86	61.6	55.4	74.4	63.5	60.4	72.7	78.8	83.6	52.9	81	90.5	100.6	61.4	44.4	55.1	71	66.2	30.2	79.7	66.6	103.1	26.5	46.7	84.8	140.6	34	144.2	132.2	120.9	62	101.1	100.6	72.3	60	75.9	90.9	31	48	58.6	106	0	30.3	117.7	75.6	73.5	12	40.6	59.1	73.6	148	34	98.6	31.8	54.3	63.6	60.6	34.8	26.2	25.9	33.6	80.5	42.1	73.7	26	57.7
179.7	56.4	86.2	92.1	107.3	105.1	56.3	48.7	56.1	78.2	49.9	100.7	104	17	89.1	105.3	58.5	58.1	57.4	104.7	101.3	27.4	59.8	59.7	87.3	36	51.2	62.7	51.4	76.3	44.9	55.4	75.5	53.8	68.1	81.2	76.6	40.2	62.3	117.9	93.5	69.5	93.3	82.5	84.8	103.3	109.4	114.1	83.4	111.6	121	131.2	91.9	55.4	69.2	85.1	70.1	29	104	80.8	117.2	40.7	60.9	98.9	154.7	48.1	158.3	146.4	135	86.4	125.5	125	96.6	84.3	100.3	92.7	42	59	69.6	130.3	30.3	0	131.8	107.5	98.2	31.9	71.2	73.2	105.5	162.1	48.1	123	56.2	86.2	94.1	91.2	59.1	58.1	58.4	58	104.9	56.2	104.3	57.9	89.6
250.5	125	97.5	149.2	178.2	162.2	75.8	146.3	119.8	135.3	152.8	171.5	174.8	114.9	131.6	162.4	123	128.4	116.6	27.1	172.1	125	128.4	74.2	144.4	135.7	143.6	148	101.7	147.1	109.3	101.2	132.6	134.3	138.2	152	139	143.7	165.2	125.8	124.1	82.6	154.6	143.8	149.1	160.4	166.5	171.2	140.5	168.7	178.1	188.3	149	153	64.2	45.1	84.7	131.9	168.3	74.9	14.6	85.6	76.8	31.3	22.9	93.9	80.5	14.6	57.2	157.2	196.3	195.8	161	155.2	171.1	186.1	139.7	156.6	167.2	201.1	117.8	131.9	0	116.7	122.2	118.4	128.3	66.1	122.3	30.3	94.9	193.8	119.3	97.2	151.2	148.3	127.8	117.2	115.4	123.8	175.7	76.5	161.4	117	98.9
184.2	58.6	19.6	82.9	111.8	95.9	46	102.3	53.4	69	112.8	105.1	108.5	88.2	52.3	96.1	56.7	62.1	50.3	89.5	105.8	81	62	42.6	78.1	69.4	77.3	81.6	63.1	80.8	59.4	35.7	66.3	68	71.9	85.7	72.6	77.4	125.3	45.3	47.1	41	88.3	77.4	82.8	94	100.1	104.9	74.2	102.3	111.8	121.9	59.2	109	52.5	69.9	32	99.2	102	59.1	102	74.4	68.9	83.6	139.5	49.7	143.1	131.2	119.9	90.9	130	129.5	94.6	88.8	104.8	119.7	95.6	112.6	123.2	134.8	73.6	105	116.6	0	42.9	69.3	61.9	59.3	43.1	146.9	81.8	127.5	52.9	20.6	84.9	81.9	61.5	50.9	49.1	57.5	109.4	46.7	95	50.7	18.7
135.2	42	24	25.9	95.4	68.9	50.6	95.7	44	41.9	106.2	88.7	92	81.5	9.5	69	40	41.9	42.2	94.1	89.4	74.3	42	47.2	51	62.7	78	82.3	63.7	64.4	60.1	36.3	29.3	68.6	72.5	69.3	56.2	78	118.6	48.9	12.6	45.6	70.5	61	66.3	37	43.2	47.9	16.7	45.3	54.8	64.9	16.3	102.4	57.1	74.4	36.6	92.6	80.2	63.7	106.6	75	73.5	88.2	144.1	50.3	147.7	135.8	124.5	74.4	113.6	113	78.2	72.4	88.3	103.3	89	105.9	116.5	118.4	74.2	98.3	121.2	42.8	0	62.7	34.9	63.9	40.9	151.5	82.5	111	43.6	26.4	27.9	24.9	41.2	43.3	41.7	40.8	93	51.3	68	43.4	24.9
144.1	20.8	50.5	56.5	71.7	69.5	42.8	36.3	20.5	42.6	46.8	65	68.3	15	53.5	69.7	22.8	22.5	21.8	91.2	65.7	15	24.2	46.2	51.7	5.4	23.6	38.3	23.5	40.7	9.2	35.3	39.9	18.2	35.9	45.6	41	20.8	59.2	82.2	57.9	56	57.7	46.9	49.2	67.6	73.7	78.5	47.8	75.9	85.4	95.5	56.3	43	55.7	71.7	62.5	33.2	68.4	67.3	103.7	38.2	58.4	85.4	141.2	34.6	144.8	132.9	121.6	50.7	89.9	89.3	61	48.7	64.6	79.6	29.6	46.6	57.2	94.7	12	31.8	118.3	71.8	62.6	0	35.5	59.7	69.9	148.6	45.6	87.3	20.5	50.6	58.5	55.5	23.5	22.4	22.7	22.3	69.3	42.7	68.6	22.2	54
140.7	14.9	42.1	28.8	68.3	35	52.4	68.6	16.9	8.1	79.1	61.7	65	54.5	25.8	35.2	13	14.9	15.2	100.8	62.3	47.3	15	55.8	17.2	35.7	43.6	47.9	37.9	37.3	26.9	26.9	13.5	34.3	38.2	42.2	24.4	43.7	91.6	73.9	36	63.1	36.6	33.4	39.3	39.9	46	50.7	20.1	48.2	57.7	67.8	28.6	75.3	65.4	81.3	54.1	65.5	46.3	76.9	113.4	65.6	78.9	95.1	150.9	40.9	154.5	142.5	131.2	47.4	86.5	86	48.4	45.3	61.3	76.2	61.9	78.9	89.5	91.3	40.6	71.3	127.9	63.5	34.9	35.6	0	69.3	61.5	158.3	73	84	16.5	42.2	30.7	27.8	14.1	16.3	14.7	13.8	65.9	52.4	34.1	16.4	45.6
191.9	66.3	40.2	90.6	119.5	103.6	17.1	87.7	61.1	76.6	94.1	112.8	116.1	56.2	74.3	103.7	64.3	69.7	57.9	39	113.5	66.3	69.7	16.9	85.7	77	84.9	89.3	43	88.5	50.6	42.5	74	75.6	79.5	93.4	80.3	85	106.6	68.5	66.9	26.8	95.9	85.1	90.4	101.7	107.8	112.5	81.9	110	119.5	129.6	90.3	94.4	18	19.5	27.4	73.2	109.7	28.6	51.6	19.5	9.5	33.3	89.1	35.2	92.7	80.7	69.4	98.5	137.6	137.1	102.3	96.5	112.4	127.4	81	97.9	108.5	142.5	59.1	73.2	66.1	59.4	64.9	59.7	69.6	0	65.1	96.5	28.8	135.1	60.6	39.9	92.5	89.6	69.1	58.5	56.7	65.1	117	17.8	102.7	58.3	41.7
190.1	64.5	29.4	88.8	117.7	101.8	56	108.2	59.3	74.9	118.7	111.1	114.4	94.1	57	102	62.6	68	56.2	99.5	111.7	86.9	67.9	52.6	84	75.3	83.2	87.5	69	86.7	65.4	41.6	72.2	73.9	77.8	91.6	78.5	83.3	131.2	46.4	53	51	94.2	83.3	88.7	99.9	106.1	110.8	80.1	108.2	117.7	127.8	51.8	114.9	62.5	79.8	41.9	105.1	107.9	69	112	80.3	78.8	93.6	149.5	55.6	153.1	141.1	129.8	96.8	135.9	135.4	100.5	94.7	110.7	125.6	101.6	118.5	129.1	140.7	79.5	110.9	126.6	48.1	47.6	75.2	67.8	69.3	0	156.9	87.7	133.4	58.9	31.7	90.8	87.8	67.4	56.8	55	63.4	115.3	67.1	100.9	56.6	30.2
280.9	155.3	127.8	179.6	208.5	192.6	106.2	176.7	150.1	165.6	183.1	201.8	205.1	145.3	161.9	192.7	153.3	158.8	146.9	57.4	202.5	155.3	158.7	104.5	174.7	166	174	178.3	132	177.5	139.6	131.5	163	164.6	168.5	182.4	169.3	174	195.6	156.1	154.5	112.9	184.9	174.1	179.4	190.7	196.8	201.6	170.9	199	208.5	218.6	179.4	183.4	94.6	75.4	115	162.2	198.7	105.2	44.9	115.9	107.1	61.6	7.5	124.2	110.8	15.8	87.5	187.5	226.7	226.1	191.3	185.5	201.4	216.4	170	186.9	197.5	231.5	148.1	162.2	30.3	147	152.5	148.8	158.6	96.5	152.7	0	125.2	224.1	149.6	127.5	181.6	178.6	158.1	147.6	145.7	154.1	206.1	106.8	191.7	147.4	129.3
193.5	70.2	62.8	94.2	121.1	107.2	47	62.6	70	80.3	69	114.5	117.8	31.1	91.2	107.4	72.3	71.9	54	67.8	115.1	41.2	73.7	40.7	89.4	49.8	65	76.6	42.1	90.1	48.6	46.1	77.6	67.6	82	95	84	54	81.5	94.6	70.2	50.5	99.6	88.7	98.6	105.4	111.5	116.2	85.5	113.6	123.1	133.3	94	69.2	46.7	48.3	51.2	48.1	117.8	61.8	80.3	9.3	28	62	117.8	38.9	121.4	109.5	98.2	100.2	139.3	138.8	110.5	98.1	114.1	106.5	55.9	72.8	83.4	144.1	34	48.1	94.9	84.2	82	45.7	73.3	28.8	82.2	125.2	0	136.8	70	62.9	96.2	93.3	72.9	54.6	53.4	71.8	118.7	47	106.4	54.4	66.3
68.8	80.7	107.7	104.1	19.8	71.5	118	68.2	71.9	90.1	98.1	26	20.7	106.4	101.1	72.8	78.8	74.3	81	166.4	25.3	99.3	74.2	121.3	89	87.6	93.2	68.9	103.5	66.7	84.8	92.4	87.5	83.8	59.4	45.9	84.8	93.2	113.8	139.4	115.1	128.6	86	88.4	56.4	115.2	121.3	126	95.4	123.5	133	143.1	103.8	76.1	130.9	146.8	119.6	117.5	39.5	142.4	178.9	129.6	144.4	160.6	216.4	106.5	220	208	196.7	45.4	38.1	14	34	45.9	31.1	36.9	71.8	78.9	89.4	7.3	98.9	123.2	193.5	129	110.2	87.6	83.1	134.9	127	223.8	137	0	72.6	107.7	106	103.1	73.7	82	80.5	74.5	18.3	117.9	75	82.2	111.1
133.2	1.7	34.3	37.2	60.8	50.2	44.6	53.8	0.9	23.3	64.3	54.1	57.5	39.7	34.2	50.4	3.6	2.1	3.9	93	54.8	32.5	4.5	48	32.4	20.8	26.8	31.1	21.6	29.8	14.8	19.1	20.6	17.5	21.4	34.7	20.5	26.9	76.7	66	41.7	55.3	37.2	26.3	31.7	48.4	54.5	59.2	28.5	56.6	66.1	76.2	37	60.5	57.5	73.5	46.3	50.7	50.9	69.1	105.5	62.8	71	87.2	143	33.1	146.6	134.7	123.3	39.9	79	78.4	43.5	37.8	53.7	68.7	47.1	64.1	74.7	83.8	32.1	56.4	120.1	55.6	43.3	20.8	16.2	61.5	53.7	150.4	70.3	76.4	0	34.4	39.2	36.2	3.8	6.2	3.4	2.8	58.4	44.5	49.3	6	37.8
164.7	39.1	1.4	63.4	92.3	76.4	26.5	82.8	33.9	49.4	93.3	85.6	88.9	68.7	35	76.5	37.1	42.6	30.7	70	86.3	61.5	42.5	23.1	58.5	49.8	57.8	62.1	43.5	61.3	39.9	16.2	46.8	48.4	52.4	66.2	53.1	57.8	105.7	29.6	27.6	21.5	68.7	57.9	63.3	74.5	80.6	85.4	54.7	82.8	92.3	102.4	63.2	89.5	33	50.3	12.5	79.7	82.5	39.6	82.5	54.8	49.4	64.1	120	30.2	123.6	111.7	100.4	71.3	110.5	109.9	75.1	69.3	85.2	100.2	76.1	93.1	103.7	115.3	54.1	85.5	97.1	20.6	25.6	49.8	42.4	39.8	25.8	127.4	62.3	107.9	33.4	0	65.4	62.4	42	31.4	29.5	37.9	89.9	27.2	75.5	31.2	2.9
108.6	38.1	65.3	2.2	91.5	64.9	75.6	91.8	40.1	38	102.2	84.8	88.1	77.6	19.1	65.1	36.1	38	38.3	123.9	85.5	70.4	38.1	78.9	47.1	58.8	66.7	71	61.1	60.5	50.1	50	25.4	57.4	61.3	65.4	52.3	66.8	114.7	97	29.3	86.2	66.6	57.1	62.4	10.4	16.5	21.2	12.1	16.2	28.1	38.2	19.7	98.5	88.5	104.4	77.2	88.6	76.3	100	136.5	88.7	102	118.2	174	64	177.6	165.6	154.3	70.5	109.6	109.1	74.3	68.5	84.4	99.4	85.1	102	112.6	114.5	63.7	94.4	151.1	86.6	28.2	58.8	31	92.4	84.6	181.4	96.2	107.1	39.7	65.3	0	2.9	37.2	39.4	37.8	36.9	89	75.5	64.1	39.5	68.7
111.2	34.9	62.1	1.8	88.3	61.8	72.4	88.6	36.9	34.9	99.1	81.7	85	74.5	16	62	33	34.9	35.2	120.8	82.3	67.3	35	75.8	44	55.7	63.6	67.9	57.9	57.3	46.9	46.9	22.2	54.3	58.2	62.2	49.2	63.7	111.6	93.9	26.2	83.1	63.4	53.9	59.3	13	19.1	23.8	9	18.3	30.7	40.8	16.6	95.3	85.4	101.3	74.1	85.5	73.2	96.9	133.4	85.6	98.9	115.1	170.9	60.9	174.5	162.5	151.2	67.4	106.5	106	71.1	65.3	81.3	96.2	81.9	98.9	109.5	111.3	60.6	91.3	147.9	83.5	25.1	55.6	27.8	89.3	81.5	178.3	93.1	104	36.5	62.2	3.8	0	34.1	36.3	34.7	33.8	85.9	72.4	60.9	36.4	65.6
130.3	3.2	38.7	34.9	57.9	47.9	49	56.3	3.9	21	66.8	51.2	54.6	42.1	31.9	48.1	1.9	1.8	4.9	97.4	51.9	35	0.9	52.4	30.1	23.3	29.8	34.1	22.5	26.9	16.6	23.5	18.3	20.4	24.3	31.8	17.3	29.8	79.2	70.5	42.1	59.7	34.3	23.4	28.8	46	52.2	56.9	26.2	54.3	63.8	73.9	34.7	63	62	77.9	50.7	53.2	48	73.5	110	65.3	75.5	91.7	147.5	37.5	151.1	139.1	127.8	37	76.1	75.5	40.6	34.9	50.8	65.8	49.6	66.6	77.1	80.9	34.6	58.9	124.5	60.1	41	23.3	13.9	65.9	58.1	154.9	72.7	73.6	3.3	38.8	36.9	33.9	0	5.9	4.4	1	55.5	49	47	6	42.2
131.9	3.3	29.5	37.3	59.5	50.2	39.8	54.4	5.3	23.3	64.9	52.8	56.1	40.3	34.3	50.4	4.4	5.5	1.6	88.2	53.5	33.1	6.9	43.2	32.4	21.5	29.4	33.7	16.8	28.5	11.5	14.3	20.7	20.1	24	33.4	27.2	29.5	77.4	61.3	36.9	50.5	42.9	32	37.4	48.4	54.5	59.2	28.5	56.7	66.1	76.3	37	61.1	52.7	68.7	41.5	51.3	56.6	64.3	100.7	44.6	66.2	82.4	138.2	28.3	141.8	129.9	118.6	38.5	77.7	77.1	49.2	36.5	52.4	67.4	47.7	64.7	75.3	82.5	25.2	57.1	115.3	50.9	48.7	21.4	16.3	56.7	48.9	145.6	52.1	75.1	4.9	29.6	39.2	36.3	6	0	1.6	5.4	57.1	39.7	49.4	0.2	33
137.5	2	30.5	35.9	65.1	48.9	40.8	55.2	4	22	65.6	58.4	61.7	41	32.9	49.1	3.1	4.2	0.5	89.2	59.1	33.8	5.5	44.2	31.1	22.2	30.1	34.4	18.5	34.1	12.3	15.3	19.3	20.8	24.7	39	25.9	30.2	78.1	62.2	37.9	51.5	41.5	30.7	36	47.1	53.2	57.9	27.2	55.3	64.8	74.9	35.7	61.9	53.7	69.7	42.5	52.1	55.3	65.3	101.7	46.3	67.2	83.4	139.2	29.3	142.8	130.9	119.5	44.1	83.3	82.7	47.9	42.1	58	73	48.5	65.4	76	88.1	25.9	57.8	116.3	51.8	42	22.2	14.9	57.7	49.9	146.6	53.8	80.7	3.6	30.6	37.9	34.9	4.7	1.7	0	4.1	62.7	40.7	48	1.8	34
130.9	2.4	38.8	35	58.5	48	49.1	55.5	3.1	21	65.9	51.9	55.2	41.3	32	48.1	1.5	1.2	4.8	97.5	52.5	34.1	2	52.4	30.1	22.5	28.9	33.2	23.2	27.5	16.5	23.6	18.4	19.6	23.5	32.4	18.2	29	78.4	70.5	42.2	59.7	34.9	24.1	29.4	46.1	52.2	56.9	26.2	54.4	63.8	74	34.7	62.2	62	77.9	50.7	52.4	48.6	73.5	110	64.5	75.5	91.7	147.5	37.6	151.1	139.1	127.8	37.6	76.7	76.2	41.3	35.5	51.5	66.4	48.8	65.7	76.3	81.5	33.8	58.1	124.6	60.1	41	22.5	14	66	58.1	154.9	71.9	74.2	2.7	38.8	36.9	34	1.3	5.8	4.3	0	56.1	49	47.1	6	42.2
75	62.9	89.9	86.3	18.8	53.7	100.2	50.4	54.1	72.3	80.3	8.4	1.9	88.6	83.3	55	61	56.5	63.2	148.6	33.7	81.5	56.4	103.5	71.2	69.8	75.4	51.1	85.7	48.9	67	74.6	69.7	66	41.6	28.1	67	75.4	96	121.6	97.3	110.8	68.2	70.6	38.6	97.4	103.5	108.2	77.6	105.7	115.2	125.3	86	58.3	113.1	129	101.8	99.7	52.5	124.6	161.1	111.8	126.6	142.8	198.6	88.7	202.2	190.2	178.9	27.6	37.9	20.3	45.1	28.1	13.3	19.1	54	61.1	71.6	13.5	81.1	105.4	175.7	111.2	92.4	69.8	65.3	117.1	109.2	206	119.2	18.3	54.8	89.9	88.2	85.3	55.9	64.2	62.7	56.7	0	100.1	57.2	64.4	93.3
174.7	49.1	27.2	73.4	102.3	86.4	0.9	70.5	43.9	59.4	76.9	95.6	98.9	39.1	70.4	86.6	47.1	52.6	40.7	48.9	96.3	49.1	52.5	3.9	68.5	59.9	67.8	72.1	25.8	71.3	33.4	25.3	56.8	58.4	62.4	76.2	63.1	67.8	89.4	55.5	49.4	13.7	78.7	67.9	73.3	84.5	90.6	95.4	64.7	92.8	102.3	112.4	73.2	77.2	13.5	29.4	14.4	56	92.5	25	61.5	31.9	27	43.2	99	18	102.6	90.6	79.3	81.3	120.5	119.9	85.1	79.3	95.2	110.2	63.8	80.7	91.3	125.3	41.9	56	76.1	46.4	51.9	42.6	52.4	17.4	52.1	106.4	46.8	117.9	43.4	26.9	75.4	72.4	52	41.4	39.5	47.9	99.9	0	85.5	41.2	28.7
132.5	48.1	75.3	62	39.4	4.5	85.6	92.6	50.1	26.3	112.3	53.5	56.8	87.7	59	4.5	46.2	48	48.4	134	33.5	80.5	48.1	89	17.8	68.9	76.8	70.6	71.1	39.9	60.1	60.1	46.7	67.4	61.1	47.6	26.7	76.8	124.7	107.1	69.2	96.3	11.3	20.6	23	73.1	79.2	83.9	53.2	81.4	90.8	101	61.7	100.5	98.5	114.5	87.3	98.7	15.9	110.1	146.5	98.8	112	128.2	184	74.1	187.6	175.7	164.4	38.3	31.3	77.8	17.9	47.6	53.1	68.1	95.1	103.3	113.9	83.1	73.8	104.5	161.1	96.7	68	68.8	34.2	102.5	94.7	191.4	106.2	75.8	49.7	75.4	63.9	61	47.3	49.4	47.9	47	57.7	85.5	0	49.6	78.8
131.9	3.5	29.3	37.4	59.6	50.4	39.6	54.5	5.6	23.5	65	52.9	56.2	40.4	34.4	50.6	4.6	5.6	1.8	88	53.5	33.2	7	43	32.6	21.6	29.5	33.8	16.6	28.5	11.6	14.1	20.8	20.1	24.1	33.5	33.8	29.5	77.4	61.1	36.7	50.3	49.5	38.6	44	48.5	54.6	59.4	28.7	56.8	66.3	76.4	37.2	61.2	52.5	68.5	41.3	51.4	63.2	64.1	100.5	44.4	66	82.2	138	28.1	141.6	129.7	118.4	38.6	77.7	77.2	55.8	36.6	52.5	67.5	47.8	64.8	75.4	82.5	25.3	57.2	115.1	50.7	48.5	21.5	16.4	56.5	48.7	145.4	51.9	75.2	5.1	29.4	39.4	36.4	6.2	0.2	1.8	5.6	57.1	39.5	49.5	0	32.8
167.4	41.8	1.8	66.1	95	79.1	28.2	85.5	36.6	52.1	96	88.3	91.6	71.3	34.2	79.2	39.8	45.2	33.4	71.7	89	64.2	45.2	24.8	61.2	52.5	60.5	64.8	46.2	64	42.6	18.8	49.5	51.1	55	68.9	55.8	60.5	108.4	28.1	30.3	23.2	71.4	60.6	65.9	77.2	83.3	88	57.4	85.5	95	105.1	41	92.2	34.7	52	14.2	82.4	85.2	41.2	84.2	57.5	51.1	65.8	121.7	32.8	125.3	113.4	102	74	113.1	112.6	77.8	72	87.9	102.9	78.8	95.8	106.3	118	56.7	88.1	98.8	18.7	24.8	52.5	45.1	41.5	25	129.1	65	110.6	36.1	2.8	68	65.1	44.6	34	32.2	40.6	92.5	28.9	78.2	33.8	0
