85
1	-73.059644	-36.777125
2	-73.037951	-36.82511
3	-73.037815	-36.824105
4	-73.135861	-37.028242
5	-73.155535	-37.09019
6	-72.94617	-37.168311
7	-72.649123	-36.822577
8	-73.027413	-36.933437
9	-73.140107	-36.840044
10	-73.054848	-36.841451
11	-73.056242	-36.828558
12	-73.032162	-36.816766
13	-73.054104	-36.810031
14	-73.028797	-36.92542
15	-73.120241	-36.835444
16	-73.073249	-36.810058
17	-73.066712	-36.828578
18	-73.161401	-37.000119
19	-73.160135	-36.989777
20	-73.150405	-37.012187
21	-73.013094	-36.954432
22	-73.157909	-37.095327
23	-73.044228	-36.792375
24	-73.134286	-36.886924
25	-73.146303	-36.848644
26	-73.157274	-37.08058
27	-72.937308	-36.973649
28	-72.742093	-36.758573
29	-72.912248	-37.161832
30	-72.960145	-37.057664
31	-72.965475	-37.383918
32	-72.873252	-37.276164
33	-72.814113	-37.244731
34	-72.922747	-37.317151
35	-72.808826	-37.284163
36	-72.956241	-37.281137
37	-72.676784	-36.708186
38	-72.682666	-36.925192
39	-72.792276	-36.736632
40	-72.998849	-37.009799
41	-73.006455	-36.831035
42	-72.805493	-36.896982
43	-73.146589	-37.112399
44	-73.144428	-36.843026
45	-73.158971	-36.978592
46	-73.148165	-36.961471
47	-72.928167	-36.966648
48	-73.108694	-36.740101
49	-72.954554	-36.613323
50	-72.975452	-36.719574
51	-73.103719	-36.78301
52	-73.12333	-36.723785
53	-73.088468	-36.744215
54	-72.990389	-36.738448
55	-72.960809	-36.600375
56	-72.951867	-36.634591
57	-73.101943	-36.750884
58	-73.135168	-36.714532
59	-73.096789	-36.798471
60	-73.113829	-36.791682
61	-72.975154	-36.718904
62	-73.095906	-36.639094
63	-72.793663	-36.629392
64	-72.939859	-36.549329
65	-72.864996	-36.554794
66	-72.958124	-36.556138
67	-73.10708	-36.791433
68	-73.098584	-36.778746
69	-73.02184	-36.777856
70	-73.004907	-36.743691
71	-73.092211	-36.778363
72	-73.080806	-36.802013
73	-73.090478	-36.793258
74	-72.938971	-36.616806
75	-73.104077	-36.799002
76	-73.113464	-36.734886
77	-73.143012	-36.723019
222	-72.878746	-36.857781
226	-73.079746	-36.785587
227	-73.145257	-36.710466
228	-72.972375	-36.704574
229	-72.961479	-36.672954
231	-73.054102	-36.830688
232	-73.139178	-36.82713
234	-72.945625	-36.609632
12
1	2	3	10	11	12	13	16	17	23	41	78	83	-1
2	4	18	19	20	40	45	46	-1
3	8	14	21	-1
4	7	28	37	38	39	42	-1
5	27	29	30	47	-1
6	5	22	26	43	-1
7	50	54	61	69	70	81	-1
8	9	15	24	25	44	84	-1
9	6	31	32	33	34	35	36	-1
10	48	52	53	57	58	62	68	71	76	77	80	-1
11	49	55	56	63	64	65	66	74	82	85	-1
12	51	59	60	67	72	73	75	79	-1					
0	7.2	7.2	33.6	41	57.4	49.8	20.6	12.3	9.7	8.3	7.7	5.1	19.5	10.2	4.9	7.8	31.3	28.4	32.5	22.8	44	4	17	13.4	39.8	30.9	36.7	55.6	42.3	93.5	80.7	73.9	75.9	81.1	71.6	42.5	49.1	34.9	38.3	10.7	35.6	46.5	13	27.9	25.4	32	12.6	28	13.9	6.9	14	9.1	11	29.4	25.7	8.5	16.7	6.2	10.8	13.8	24.4	38.5	36.3	53.3	35.6	8.7	6.1	11.9	10.3	6	4.7	6	28.8	7.9	11.9	17.6	26.1	6.4	17.9	15.9	20.4	8.6	13.1	28.9
6.8	0	0.1	32.1	39.5	52.8	45	14.5	10.8	3.3	2.2	1.2	3.1	13.4	8.7	5.6	3.5	29.8	26.9	31	16.8	42.5	5.7	15.5	11.9	38.3	24.8	37.6	49.5	36.2	88.9	76.1	69.3	71.3	76.5	67	43.3	44.3	35.7	33.7	4.7	30.8	45	11.5	26.4	23.9	25.9	14.1	28.9	14.7	9.3	15.5	11.5	11.6	30.3	26.6	10.9	18.2	8	11.6	14.7	25.9	39.4	37.1	54.2	36.4	9.6	8.5	9.6	11	8.4	6.6	7.9	29.7	8.7	13.4	19	21.3	8.8	19.3	16.7	21.3	2.5	11.6	29.7
6.7	0.5	0	32	39.4	52.7	44.9	14.4	10.7	3.2	2.1	1	3	13.3	8.6	5.5	3.4	29.7	26.8	30.9	16.6	42.4	5.6	15.4	11.8	38.2	24.7	37.5	49.4	36.1	88.8	76	69.2	71.2	76.4	66.9	43.2	44.2	35.6	33.6	4.6	30.7	44.9	11.4	26.3	23.7	25.8	14	28.8	14.6	9.2	15.4	11.4	11.5	30.2	26.5	10.8	18.1	7.9	11.5	14.5	25.8	39.3	37	54.1	36.3	9.5	8.4	9.5	10.9	8.3	6.4	7.8	29.6	8.6	13.3	18.9	21.2	8.7	19.2	16.6	21.1	2.3	11.4	29.6
33.4	31.6	31.6	0	8.6	37.9	78.1	41.3	23.3	30.4	29.7	32.1	33.3	40.2	23.6	30.1	29.2	4.5	8	3.9	43.5	11.6	33.8	17.7	22.7	7.5	51.6	69.1	76.2	62.9	74	61.2	54.4	56.4	61.6	52	74.9	77.4	67.3	17.2	35.5	63.8	14.2	23.3	7.5	8.5	52.6	40.9	60.4	46.3	33.7	46.4	38.3	43.4	61.8	58.1	37.8	49.1	31.8	34.6	46.2	56.8	70.9	68.7	85.7	68	32.6	35.4	44.3	42.7	33.3	30.4	31.7	61.2	31.7	44.3	50	54.3	33.2	50.3	48.3	52.8	30	24.4	61.3
41.2	39.4	39.4	8.1	0	45.8	85.9	49.1	31.1	38.2	37.5	39.9	41.1	48	31.4	37.9	37	11.6	15.8	10.9	51.3	0.9	41.6	25.5	30.5	2	59.4	76.9	84	70.7	81.9	69.2	62.3	64.3	69.5	60	82.7	85.2	75.1	25.2	43.3	71.6	5.4	31.1	15.3	16.3	60.4	48.7	68.2	54.1	41.5	54.2	46.1	51.2	69.6	65.9	45.6	56.9	39.6	42.4	54	64.6	78.7	76.5	93.5	75.8	40.4	43.2	52.1	50.5	41.1	38.2	39.5	69	39.5	52.1	57.8	62.1	41	58.1	56.1	60.6	37.8	32.2	69.1
57.1	53.3	53.3	38	46.6	0	97.2	60.4	53	49.5	51.4	53.8	57	59.3	50.8	53.8	49.3	42.5	45.5	41.8	62.6	49.6	57.5	57.7	54.1	45.4	70.7	92.8	95.4	82.1	37	24.2	16.8	19.4	23.9	15.1	98.5	96.5	90.9	21.3	57.2	82.9	52.1	53.6	45	46	71.8	64.6	84.1	70	57.4	70.1	62	67	85.5	81.8	61.5	72.8	55.5	58.3	69.9	80.5	94.6	92.4	109.4	91.6	56.2	59	61.8	66.4	57	54.1	55.4	84.9	55.4	68	73.6	73.5	56.9	74	71.9	76.5	49.8	53.7	85
48.9	45	45	78.3	85.7	96.1	0	60.2	57	48.2	46.7	44.7	46	59.1	54.9	49.6	46.9	76	73.1	77.2	62.6	88.7	46.1	61.7	58.1	84.5	54.8	19.3	79.8	66.5	132.2	119.4	112.6	114.6	119.8	110.3	17.5	14.2	24.9	77	42	24	91.2	57.7	72.6	70	54.7	53.4	59.2	44.2	51.3	54.8	53.5	43.4	59.7	47.2	52.9	57.5	50.9	55.5	44.1	65.2	41.8	67.8	70.3	67.1	53.4	50.5	45.3	42.8	50.4	49.4	50.7	59.6	52.6	52.7	58.4	36.8	50.9	58.7	46.2	50.7	47	57.7	60.1
20	14.2	14.2	41.7	49.1	61.1	59.3	0	20.4	11.5	12.8	15.1	16.6	1.1	18.2	16.7	13.2	39.4	36.4	40.5	3.2	52	20.4	25.1	21.5	47.9	11.3	55.7	36	22.7	97.2	84.4	77.6	79.6	84.8	75.3	61.4	53.7	53.8	42	19.3	29.6	54.6	21.1	36	33.4	12.4	27.2	47	32.9	20	28.4	24.9	25.9	48.4	44.7	24.4	35.7	18.8	20.9	32.8	43.4	57.5	55.3	72.3	54.5	18.9	22	23.9	25.3	19.9	17	18.3	47.8	18	30.9	31.7	30.6	19.8	36.9	34.8	39.4	12.6	21.1	47.9
12.5	10.7	10.7	23.9	31.3	52.8	57.1	20.3	0	9.4	8.8	11.2	12.4	19.2	2.7	9.1	8.2	21.6	18.7	22.8	22.5	34.3	12.9	7.3	1.7	30.1	30.6	48.2	55.3	42	88.9	76.1	69.3	71.3	76.5	67	53.9	56.4	46.3	33.7	14.6	42.9	36.9	0.8	18.2	15.7	31.7	20	39.5	25.3	12.8	25.4	17.4	22.4	40.9	37.2	16.8	28.2	10.9	13.7	25.2	35.9	50	47.7	64.7	47	11.6	14.4	23.4	21.8	12.4	9.4	10.8	40.3	10.8	23.4	29	33.4	12.3	29.3	27.3	31.8	9.1	1.8	40.3
9.2	3.4	3.4	30.9	38.2	50.2	48.5	11.6	9.6	0	2	4.3	5.7	10.5	7.4	5.8	2.4	28.5	25.6	29.7	13.8	41.2	9.6	14.3	10.7	37	21.9	44.8	46.6	33.2	86.4	73.6	66.8	68.8	73.9	64.4	50.6	47.8	43	31.1	8.5	34.2	43.8	10.2	25.2	22.6	22.9	16.4	36.1	22	9.2	17.6	14.1	15.1	37.6	33.9	13.5	24.9	8	10.1	21.9	32.6	46.7	44.4	61.4	43.7	8	11.1	13.1	14.4	9.1	6.1	7.4	37	7.2	20.1	20.8	24.8	9	26	24	28.5	1.8	10.3	37
7.5	2.6	2.7	29.8	37.2	50.4	46.5	13.2	8.5	2	0	3.1	3.8	12.1	6.3	3.2	1.2	27.5	24.5	28.6	15.4	40.1	7.1	13.2	9.6	36	23.5	39.1	48.2	34.9	86.6	73.8	67	69	74.1	64.6	44.8	45.8	37.2	31.3	6.5	32.3	42.7	9.2	24.1	21.5	24.5	15.6	30.4	16.2	8.4	16.8	12.1	13.1	31.8	28.1	11.5	23.1	5.7	9.3	16.1	30.8	40.9	38.6	55.7	37.9	7.3	9.1	11.1	12.5	7.1	4.2	5.5	31.2	6.4	14	20.1	22.8	7	24.3	18.2	22.7	0.8	9.2	31.2
7.1	1.3	1.3	32.2	39.6	52.8	43.7	15.3	10.9	4.1	2.9	0	3.2	14.2	8.7	5.6	3.6	29.9	26.9	31	17.5	42.5	4.4	15.6	12	38.4	25.6	36.3	50.3	37	89	76.2	69.4	71.4	76.5	67	42	43	34.4	33.7	3.6	29.5	45.1	11.6	26.5	23.9	26.7	14.4	27.6	13.4	9.6	15.7	11.8	10.3	29	25.3	11.2	18.5	9.1	13.8	13.4	26.2	38.1	35.9	52.9	35.1	11.7	8.8	8.3	9.7	8.7	7.7	9	28.4	10.9	13.7	19.3	20	9.1	19.6	15.4	20	3.2	11.6	28.4
5	2.9	2.9	31.9	39.3	52.6	47.9	15.5	10.6	4.3	3.4	3.4	0	14.4	8.5	3	2.9	29.6	26.7	30.8	17.7	42.3	3.3	15.3	11.7	38.1	25.8	40.6	50.5	37.2	88.7	75.9	69.1	71.1	76.3	66.7	46.4	47.2	38.8	33.5	6.8	33.7	44.8	11.3	26.2	23.6	26.9	12.2	31.9	17.8	7.4	13.6	9.6	14.9	33.4	29.7	9	16.3	6.9	11.6	17.7	24	42.5	40.2	57.2	39.5	9.5	6.6	11.3	14.3	6.5	5.5	6.8	32.7	8.7	11.5	17.1	24.2	7	17.5	19.8	24.3	3.7	11.3	32.8
19.1	13.3	13.3	40.8	48.1	60.2	58.4	1.1	19.5	10.6	11.9	14.2	15.6	0	17.3	15.7	12.3	38.5	35.5	39.6	3.9	51.1	19.5	24.2	20.6	47	12	54.8	36.6	23.3	96.3	83.5	76.7	78.7	83.9	74.3	60.5	54.3	52.9	41.1	18.4	30.2	53.7	20.2	35.1	32.5	13	26.3	46.1	31.9	19.1	27.5	24	25	47.5	43.8	23.4	34.8	17.9	20	31.8	42.5	56.6	54.3	71.4	53.6	17.9	21	23	24.3	19	16.1	17.4	46.9	17.1	30	30.8	31.3	18.9	35.9	33.9	38.4	11.7	20.2	46.9
10.4	8.6	8.6	24	31.4	50.7	55	18.3	2.7	7.3	6.7	9.1	10.3	17.2	0	7.1	6.2	21.7	18.7	22.9	20.5	34.3	10.8	7.4	3.8	30.2	28.6	46.1	53.2	39.9	86.8	74.1	67.2	69.2	74.4	64.9	51.8	54.4	44.3	31.6	12.5	40.8	36.9	3.4	18.3	15.7	29.6	17.9	37.4	23.3	10.7	23.4	15.3	20.4	38.8	35.1	14.8	26.1	8.8	11.6	23.2	33.8	47.9	45.7	62.7	44.9	9.6	12.4	21.3	19.7	10.3	7.4	8.7	38.2	8.7	21.3	26.9	31.3	10.2	27.3	25.3	29.8	7	3.4	38.3
5	5	5	30.8	38.2	54.6	49.6	15.3	9.5	4.1	3.2	5.5	2.8	14.2	7.3	0	2.7	28.5	25.5	29.6	17.5	41.1	5.4	14.2	10.6	37	25.6	40.7	50.3	37	90.7	77.9	71.1	73.1	78.3	68.8	46.4	48.9	38.8	35.5	10.4	35.4	43.7	10.2	25.1	22.5	26.6	16.5	32	17.8	6.2	17.9	9.9	14.9	33.4	29.7	9.3	20.7	3.2	8	17.7	28.4	42.5	40.2	57.3	39.5	5.9	5.4	15.9	14.3	4.7	1.8	3.1	32.8	5.1	15.9	21.5	25.9	4.6	21.8	19.8	24.3	3.5	10.2	32.8
7.3	3.3	3.3	29.2	36.6	49.4	47.2	13.4	7.9	2.3	1.4	3.8	4.4	12.3	5.8	4	0	26.9	23.9	28.1	15.7	39.5	7.7	12.6	9	35.4	23.8	43	48.4	35.1	85.5	72.7	65.9	67.9	73.1	63.6	48.8	46.5	41.2	30.3	7.2	33	42.1	8.6	23.5	20.9	24.8	14.5	34.3	20.2	7.3	15.8	12.2	13.8	35.7	32	11.7	23	6.2	8.3	20.1	30.7	44.8	42.6	59.6	41.9	6.2	9.3	11.8	13.2	7.2	4.3	5.6	35.1	5.3	18.2	19	23.5	7.1	24.2	22.2	26.7	1.7	8.6	35.2
29.3	27.4	27.5	5.2	15	45.1	73.9	37.1	19.1	26.2	25.6	28	29.1	36	19.5	25.9	25	0	1.4	2.7	39.3	18	29.7	13.5	18.5	13.8	47.4	64.9	72.1	58.8	81.2	68.4	61.6	63.6	68.8	59.2	70.7	73.2	63.1	24.4	31.4	59.7	20.6	19.1	2.8	5.2	48.4	36.7	56.2	42.1	29.6	42.2	34.2	39.2	57.7	54	33.6	45	27.7	30.5	42	52.6	66.8	64.5	81.5	63.8	28.4	31.2	40.1	38.6	29.1	26.2	27.5	57	27.6	40.2	45.8	50.2	29	46.1	44.1	48.6	25.8	20.2	57.1
28.7	26.9	26.9	8.3	15.7	45.7	73.3	36.5	18.5	25.6	25	27.4	28.6	35.4	18.9	25.3	24.4	2.6	0	4.4	38.7	18.6	29.1	12.9	17.9	14.5	46.8	64.3	71.5	58.2	81.8	69	62.2	64.2	69.4	59.9	70.1	72.6	62.5	25.1	30.8	59.1	21.2	18.5	1.9	3.7	47.9	36.2	55.7	41.5	29	41.6	33.6	38.6	57.1	53.4	33	44.4	27.1	29.9	41.4	52.1	66.2	63.9	80.9	63.2	27.8	30.6	39.6	38	28.6	25.6	27	56.5	27	39.6	45.2	49.6	28.5	45.5	43.5	48	25.3	19.6	56.5
32.7	30.9	30.9	4.3	13.8	43.8	77.4	40.6	22.6	29.6	29	31.4	32.6	39.5	22.9	29.4	28.5	2.1	3.5	0	42.8	16.7	33.1	17	21.9	12.6	50.9	68.4	75.5	62.2	79.9	67.1	60.3	62.3	67.5	58	74.2	76.7	66.6	23.2	34.8	63.1	19.3	22.6	4.9	7.8	51.9	40.2	59.7	45.6	33	45.7	37.6	42.7	61.1	57.4	37.1	48.4	31.1	33.9	45.5	56.1	70.2	68	85	67.2	31.9	34.7	43.6	42	32.6	29.7	31	60.5	31	43.6	49.3	53.6	32.5	49.6	47.6	52.1	29.3	23.7	60.6
22.2	16.4	16.4	43.9	51.2	63.3	65.6	3.4	22.6	13.7	15	17.3	18.7	4.2	20.4	18.8	15.4	41.5	38.6	42.7	0	54.2	22.6	27.3	23.7	50.1	8.6	57.9	33.3	19.9	99.4	86.6	79.8	81.8	87	77.4	63.6	50.9	56	44.2	21.5	26.8	56.8	23.3	38.2	35.6	9.6	29.4	49.2	35	22.2	30.6	27.1	28.1	50.6	46.9	26.5	37.9	21	23.1	34.9	45.6	59.7	57.4	74.5	56.7	21	24.1	26.1	27.4	22.1	19.2	20.5	50	20.2	33.1	33.8	27.9	22	39	37	41.5	14.8	23.3	50
42.9	41.1	41.1	9.8	0.9	47.5	87.5	50.7	32.7	39.8	39.2	41.6	42.8	49.6	33.1	39.5	38.7	13.2	17.4	12.6	52.9	0	43.3	27.1	32.1	2.6	61	78.6	85.7	72.4	83.6	70.8	64	66	71.2	61.7	84.3	86.8	76.7	26.9	45	73.3	5.2	32.7	17	17.9	62.1	50.4	69.9	55.7	43.2	55.9	47.8	52.8	71.3	67.6	47.2	58.6	41.3	44.1	55.6	66.3	80.4	78.1	95.2	77.4	42	44.8	53.8	52.2	42.8	39.9	41.2	70.7	41.2	53.8	59.4	63.8	42.7	59.7	57.7	62.2	39.5	33.8	70.7
4.9	5.7	5.7	34.3	41.7	58.1	46.5	21.3	13	7.4	7.4	5.4	2.9	20.2	10.9	5.6	7.6	32	29.1	33.2	23.5	44.7	0	17.7	14.1	40.5	31.6	40.5	56.3	43	94.2	81.4	74.6	76.6	81.8	72.3	46.3	45.8	38.7	39	7.3	32.2	47.2	13.7	28.6	26.1	32.7	12.1	31.8	17.7	7.3	13.5	9.5	13.1	33.3	29.6	9	16.2	6.9	11.5	17.6	23.9	42.4	40.1	57.1	39.4	9.4	6.5	11	12.4	6.5	5.4	6.7	32.7	8.6	11.4	17.1	22.7	6.9	17.4	19.7	24.2	7.7	13.8	32.7
16.8	15	15	18.1	25.5	57.1	61.4	24.6	6.6	13.7	13.1	15.5	16.7	23.5	7	13.4	12.6	15.8	12.8	17	26.8	28.4	17.2	0	5.8	24.3	34.9	52.5	59.6	46.3	93.2	80.4	73.6	75.6	80.8	71.3	58.2	60.7	50.6	38	18.9	47.2	31	6.6	12.4	9.8	36	24.3	43.8	29.6	17.1	29.8	21.7	26.7	45.2	41.5	21.1	32.5	15.2	18	29.5	40.2	54.3	52	69.1	51.3	15.9	18.7	27.7	26.1	16.7	13.8	15.1	44.6	15.1	27.7	33.3	37.7	16.6	33.6	31.6	36.1	13.4	7.7	44.6
13.7	11.8	11.9	22.9	30.3	53.9	58.3	21.5	1.7	10.6	9.9	12.4	13.5	20.4	3.8	10.3	9.4	20.6	17.7	21.8	23.7	33.3	14.1	6.3	0	29.1	31.8	49.3	56.5	43.2	90.1	77.3	70.5	72.5	77.6	68.1	55.1	57.6	47.5	34.8	15.7	44	35.8	0.8	17.2	14.7	32.8	21.1	40.6	26.5	13.9	26.6	18.6	23.6	42.1	38.4	18	29.3	12.1	14.9	26.4	37	51.2	48.9	65.9	48.2	12.8	15.6	24.5	22.9	13.5	10.6	11.9	41.4	11.9	24.5	30.2	34.6	13.4	30.5	28.5	33	10.2	3.2	41.5
40.1	38.3	38.3	7	1.8	44.7	84.7	47.9	30	37	36.4	38.8	40	46.8	30.3	36.7	35.9	10.4	14.6	9.8	50.2	2.2	40.5	24.4	29.3	0	58.3	75.8	82.9	69.6	80.8	68	61.2	63.2	68.4	58.9	81.5	84	73.9	24.1	42.2	70.5	10	29.9	14.2	15.2	59.3	47.6	67.1	52.9	40.4	53.1	45	50	68.5	64.8	44.5	55.8	38.5	41.3	52.9	63.5	77.6	75.4	92.4	74.6	39.2	42	51	49.4	40	37.1	38.4	67.9	38.4	51	56.6	61	39.9	57	54.9	59.5	36.7	31	68
30.5	24.7	24.7	52.2	59.5	71.5	57.2	11.7	30.9	22	23.3	25.6	27	12.5	28.7	27.1	23.7	49.8	46.9	51	8.3	62.5	30.9	35.6	32	58.3	0	51.4	25.4	12.1	107.7	94.9	88.1	90.1	95.2	85.7	71.9	42.6	51.9	52.4	29.8	18.5	65.1	31.5	46.5	43.9	1.3	37.7	57.4	43.3	30.5	38.9	35.4	36.4	58.9	55.2	34.8	46.2	29.3	31.4	43.2	53.9	68	65.7	82.7	65	29.3	32.4	34.4	35.7	30.4	27.4	28.7	58.3	28.5	41.4	42.1	19.6	30.3	47.3	45.3	49.8	23.1	31.6	58.3
36.8	38.1	38.1	69.6	77	93.4	13.3	53.3	48.3	41.3	39.8	37.9	41.1	52.2	46.2	40.9	40	67.3	64.4	68.5	55.5	80	37.2	53	49.4	75.8	49	0	74	60.6	129.5	116.7	109.9	111.9	117.1	107.6	11.6	25.3	9	74.3	39.7	26.6	82.5	49	63.9	61.3	48.9	41	46.8	31.8	42.9	42.4	42.6	31	47.4	34.8	42.5	45.1	42.1	46.8	31.7	52.8	29.5	55.4	57.9	54.7	44.7	42.1	32.9	30.4	42	40.7	42	47.2	43.9	40.3	46	31	42.4	46.3	33.8	38.3	40.1	49	47.7
55.4	49.6	49.6	77.1	84.4	96.5	82.5	36.6	55.8	46.9	48.2	50.5	51.9	37.4	53.6	52	48.6	74.7	71.8	75.9	33.2	87.4	55.8	60.5	56.9	83.3	25.2	76.7	0	13.9	132.6	119.8	113	115	120.2	110.6	96.8	67.8	77.1	77.4	54.7	43.7	90	56.5	71.4	68.8	26.5	62.6	82.4	68.2	55.4	63.8	60.3	61.3	83.8	80.1	59.7	71.1	54.2	56.3	68.1	78.8	92.9	90.6	107.7	89.9	54.2	57.3	59.3	60.6	55.3	52.4	53.7	83.2	53.4	66.3	67	44.8	55.2	72.2	70.2	74.7	48	56.5	83.2
41.9	36.1	36.1	63.6	71	83	69	23.2	42.3	33.4	34.7	37	38.5	23.9	40.2	38.6	35.1	61.3	58.3	62.5	19.7	73.9	42.3	47	43.4	69.8	11.8	63.2	13.7	0	119.1	106.3	99.5	101.5	106.7	97.2	83.3	54.4	63.6	63.9	41.2	30.2	76.5	43	57.9	55.3	13.1	49.1	68.9	54.8	41.9	50.3	46.8	47.8	70.3	66.6	46.3	57.6	40.7	42.8	54.7	65.3	79.4	77.2	94.2	76.4	40.8	43.9	45.8	47.2	41.8	38.9	40.2	69.7	39.9	52.8	53.6	31.3	41.7	58.8	56.8	61.3	34.5	43	69.8
93.9	90.1	90.1	74.7	83.4	39.1	134	97.2	89.7	86.3	88.2	90.6	93.8	96.1	87.6	90.5	86.1	79.2	82.2	78.6	99.4	86.4	94.3	94.4	90.8	82.2	107.5	129.6	132.2	118.9	0	26.3	51.8	21	58.9	24.7	135.3	133.3	127.7	58.1	94	119.7	88.9	90.4	81.8	82.8	108.5	101.4	120.9	106.7	94.2	106.8	98.8	103.8	122.3	118.6	98.2	109.6	92.3	95.1	106.6	117.3	131.4	129.1	146.2	128.4	93	95.8	98.5	103.2	93.8	90.9	92.2	121.7	92.2	104.8	110.4	110.2	93.7	110.7	108.7	113.2	86.6	90.5	121.7
80.4	76.6	76.6	61.2	69.9	25.6	120.4	83.7	76.2	72.8	74.7	77.1	80.2	82.6	74.1	77	72.6	65.7	68.7	65.1	85.9	72.8	80.8	80.9	77.3	68.7	94	116	118.7	105.3	25.5	0	7.6	8	14.6	11.2	121.8	119.7	114.2	44.6	80.5	106.2	75.4	76.9	68.3	69.3	95	87.8	107.3	93.2	80.7	93.3	85.3	90.3	108.8	105.1	84.7	96.1	78.8	81.6	93.1	103.7	117.9	115.6	132.6	114.9	79.5	82.3	85	89.7	80.2	77.3	78.6	108.1	78.7	91.3	96.9	96.7	80.1	97.2	95.2	99.7	73.1	76.9	108.2
73.5	69.7	69.7	54.4	63	16.8	113.6	76.8	69.4	65.9	67.8	70.2	73.4	75.7	67.2	70.2	65.8	58.9	61.9	58.3	79.1	66	73.9	74.1	70.5	61.8	87.1	109.2	111.8	98.5	51	7.6	0	33.4	7.2	29.1	114.9	112.9	107.4	37.7	73.6	99.4	68.6	70.1	61.4	62.4	88.2	81	100.5	86.4	73.8	86.5	78.4	83.5	101.9	98.2	77.9	89.2	71.9	74.7	86.3	96.9	111	108.8	125.8	108	72.7	75.5	78.2	82.8	73.4	70.5	71.8	101.3	71.8	84.4	90	89.9	73.3	90.4	88.4	92.9	66.2	70.1	101.4
75.6	71.7	71.8	56.4	65	20.7	115.6	78.9	71.4	67.9	69.8	72.3	75.4	77.8	69.2	72.2	67.8	60.9	63.9	60.3	81.1	68	75.9	76.1	72.5	63.9	89.2	111.2	113.8	100.5	20.3	8	33.4	0	40.6	6.3	117	114.9	109.4	39.7	75.6	101.4	70.6	72.1	63.5	64.4	90.2	83	102.5	88.4	75.8	88.5	80.4	85.5	104	100.2	79.9	91.2	73.9	76.7	88.3	98.9	113.1	110.8	127.8	110.1	74.7	77.5	80.2	84.8	75.4	72.5	73.8	103.3	73.8	86.4	92.1	91.9	75.3	92.4	90.4	94.9	68.2	72.1	103.4
80.7	76.9	76.9	61.6	70.2	23.9	120.8	84	76.5	73.1	75	77.4	80.6	82.9	74.4	77.3	72.9	66.1	69.1	65.4	86.2	73.2	81.1	81.2	77.6	69	94.3	116.4	119	105.7	58.2	14.6	7.2	40.6	0	36.2	122.1	120.1	114.5	44.9	80.8	106.5	75.7	77.2	68.6	69.6	95.4	88.2	107.7	93.5	81	93.7	85.6	90.6	109.1	105.4	85	96.4	79.1	81.9	93.4	104.1	118.2	115.9	133	115.2	79.8	82.6	85.4	90	80.6	77.7	79	108.5	79	91.6	97.2	97.1	80.5	97.5	95.5	100	73.4	77.3	108.5
71.2	67.4	67.4	52.1	60.7	16.4	111.3	74.5	67	63.6	65.5	67.9	71.1	73.4	64.9	67.8	63.4	56.6	59.6	55.9	76.7	63.7	71.6	71.7	68.1	59.5	84.8	106.9	109.5	96.2	23.9	11.2	29.1	6.3	36.2	0	112.6	110.6	105	35.4	71.3	97	66.2	67.7	59.1	60.1	85.9	78.7	98.2	84	71.5	84.2	76.1	81.1	99.6	95.9	75.5	86.9	69.6	72.4	83.9	94.6	108.7	106.4	123.5	105.7	70.3	73.1	75.9	80.5	71.1	68.2	69.5	99	69.5	82.1	87.7	87.6	71	88	86	90.5	63.9	67.8	99
42.5	43.9	43.9	75.4	82.7	99.1	17.5	59.1	54.1	47.1	45.6	43.6	46.8	58	51.9	46.6	45.8	73	70.1	74.2	61.3	85.7	42.9	58.8	55.2	81.5	69.4	11.6	94	80.7	135.3	122.5	115.7	117.7	122.8	113.3	0	31.7	12.9	80	45.5	38.2	88.3	54.7	69.7	67.1	70.4	46.8	37.3	37.6	48.6	48.2	48.4	36.8	39.6	40.5	48.2	50.9	47.9	52.5	37.5	58.6	18.3	45.9	45.3	45.2	50.5	47.9	38.7	36.1	47.8	46.5	47.8	37.7	49.6	46.1	51.7	42.5	48.2	52.1	39.5	44.1	45.9	54.8	38.2
48.1	44.2	44.2	77.6	84.9	95.3	14.2	49.9	56.3	47.4	45.9	44	45.2	50.6	54.1	48.8	46.1	75.2	72.3	76.4	46.5	87.9	45.4	61	57.4	83.8	38.6	31.3	63.4	50	131.5	118.7	111.9	113.9	119	109.5	31.7	0	36.9	76.2	41.2	14.9	90.5	57	71.9	69.3	38.5	55.3	68.6	54.4	50.6	56.7	52.7	51.3	70	66.3	52.2	59.5	50.1	54.8	54.3	67.2	53.8	76.8	93.9	76.1	52.7	49.8	49.3	50.7	49.7	48.7	50	69.4	51.8	54.7	60.3	23.1	50.1	60.6	56.4	60.9	46.2	57	69.4
35.1	36.4	36.4	67.9	75.3	91.7	24.9	51.6	46.6	39.6	38.1	36.2	39.4	50.5	44.5	39.1	38.3	65.6	62.7	66.8	53.8	78.3	35.5	51.3	47.7	74.1	49.4	7.2	74.4	61.1	127.8	115	108.2	110.2	115.4	105.9	12.9	36.9	0	72.6	38	29	80.8	47.3	62.2	59.6	49.3	39.3	45.1	30.1	41.2	40.7	40.9	29.3	45.7	33.1	40.8	43.4	40.4	45.1	30	51.1	27.8	53.7	56.2	53	43	40.4	31.2	28.7	40.3	39	40.3	45.5	42.2	38.6	44.3	31.4	40.7	44.6	32.1	36.6	38.4	47.3	46
37.9	34.1	34.1	19.5	28.2	21.2	78	41.2	33.7	30.3	32.2	34.6	37.8	40.1	31.6	34.5	30.1	24	27	23.4	43.4	31.1	38.3	38.4	34.9	27	51.5	73.6	76.2	62.9	57.3	44.6	37.7	39.7	44.9	35.4	79.3	77.3	71.7	0	38	63.7	33.7	34.4	26.6	27.6	52.6	45.4	64.9	50.7	38.2	50.9	42.8	47.8	66.3	62.6	42.3	53.6	36.3	39.1	50.7	61.3	75.4	73.1	90.2	72.4	37	39.8	42.6	47.2	37.8	34.9	36.2	65.7	36.2	48.8	54.4	54.3	37.7	54.8	52.7	57.3	30.6	34.5	65.7
10.1	4.8	4.8	35.5	42.9	56.2	42.2	20.2	14.2	7.7	6.5	4.2	6.5	19.1	12.1	10.8	6.9	33.2	30.3	34.4	22.5	45.9	7.3	18.9	15.3	41.7	30.5	39.2	55.2	41.9	92.3	79.5	72.7	74.7	79.9	70.4	45	41.6	37.4	37.1	0	28	48.4	14.9	29.8	27.2	36.5	17.3	30.5	16.4	12.5	18.7	14.7	13.3	32	28.3	14.2	21.4	12.1	16.7	16.3	29.1	41.1	38.8	55.8	38.1	14.7	11.8	11.3	12.7	11.7	10.6	12	31.3	13.8	16.6	22.3	18.5	12.1	22.6	18.4	22.9	6.7	14.9	31.4
36	32.1	32.1	65.4	72.8	83.2	23.3	29.6	44.1	35.3	33.8	31.8	33.1	30.4	42	36.7	34	63.1	60.2	64.3	26.2	75.8	33.2	48.8	45.2	71.6	18.4	22.5	43.3	30	119.3	106.6	99.7	101.8	106.9	97.4	34.1	14.2	24.9	64.1	29.1	0	78.3	44.8	59.7	57.2	18.3	43.2	56.4	42.3	38.4	44.6	40.6	39.2	57.9	54.2	40.1	47.3	38	42.6	42.2	55	67	64.7	81.7	64	40.6	37.7	37.2	38.6	37.6	36.5	37.9	57.2	39.7	42.5	48.2	11	38	48.5	44.3	48.8	34.1	44.9	57.3
45.7	43.9	43.9	12.6	4.7	42.9	90.3	53.5	35.5	42.6	42	44.4	45.6	52.4	35.9	42.3	41.4	16	20.2	15.4	55.7	4.5	46.1	29.9	34.9	9.5	63.8	81.4	88.5	75.2	79.1	66.3	59.5	61.5	66.6	57.1	87.1	89.6	79.5	22.3	47.8	76.1	0	35.5	19.8	20.7	64.9	53.2	72.7	58.5	46	58.6	50.6	55.6	74.1	70.4	50	61.4	44.1	46.9	58.4	69.1	83.2	80.9	98	80.2	44.8	47.6	56.6	55	45.6	42.6	44	73.5	44	56.6	62.2	66.6	45.5	62.5	60.5	65	42.3	36.6	73.5
13.2	11.4	11.4	23.7	31	53.5	57.9	21.1	0.8	10.2	9.5	11.9	13.1	20	3.4	9.9	9	21.3	18.4	22.5	23.3	34	13.6	7.1	0.8	29.8	31.4	48.9	56.1	42.7	89.7	76.9	70.1	72.1	77.2	67.7	54.7	57.2	47.1	34.4	15.3	43.6	36.6	0	18	15.4	32.4	20.7	40.2	26.1	13.5	26.2	18.1	23.2	41.6	37.9	17.6	28.9	11.6	14.4	26	36.6	50.7	48.5	65.5	47.8	12.4	15.2	24.1	22.5	13.1	10.2	11.5	41	11.5	24.1	29.8	34.2	13	30.1	28.1	32.6	9.8	2.4	41.1
27.1	25.2	25.3	7.9	15.3	45.3	71.7	34.9	16.9	24	23.4	25.8	26.9	33.8	17.3	23.7	22.8	3.1	1.5	6.8	37.1	18.2	27.5	11.3	16.3	14.1	45.2	62.7	69.9	56.6	81.4	68.7	61.8	63.8	69	59.5	68.5	71	60.9	24.7	29.2	57.5	20.8	16.9	0	3.3	46.2	34.5	54	39.9	27.4	40	32	37	55.5	51.8	31.4	42.8	25.5	28.3	39.8	50.4	64.6	62.3	79.3	61.6	26.2	29	37.9	36.4	26.9	24	25.3	54.8	25.4	38	43.6	48	26.8	43.9	41.9	46.4	23.6	18	54.9
25.6	23.7	23.8	8.9	16.3	46.3	70.2	33.4	15.4	22.5	21.8	24.2	25.4	32.3	15.7	22.2	21.3	6.6	3.7	7.8	35.6	19.3	25.9	9.8	14.8	15.1	43.7	61.2	68.4	55.1	82.4	69.7	62.8	64.8	70	60.5	67	69.5	59.4	25.7	27.6	55.9	21.8	15.4	3.2	0	44.7	33	52.5	38.4	25.8	38.5	30.4	35.5	54	50.2	29.9	41.2	23.9	26.8	38.3	48.9	63.1	60.8	77.8	60.1	24.7	27.5	36.4	34.8	25.4	22.5	23.8	53.3	23.8	36.4	42.1	46.5	25.3	42.4	40.4	44.9	22.1	16.5	53.4
31.4	25.6	25.6	53.1	60.5	72.5	57.2	12.7	31.8	22.9	24.2	26.5	27.9	13.4	29.6	28	24.6	50.8	47.8	51.9	9.2	63.4	31.8	36.5	32.9	59.3	1.4	51.4	26.3	13	108.6	95.8	89	91	96.2	86.6	72.8	42.6	51.9	53.4	30.7	18.5	66	32.5	47.4	44.8	0	38.6	58.4	44.2	31.4	39.8	36.3	37.3	59.8	56.1	35.7	47.1	30.2	32.3	44.1	54.8	68.9	66.6	83.7	65.9	30.2	33.3	35.3	36.7	31.3	28.4	29.7	59.2	29.4	42.3	43.1	19.6	31.2	48.2	46.2	50.7	24	32.5	59.2
12.6	12.6	12.6	39.2	46.6	63	55.2	26.2	17.9	15.3	13.7	13.1	10.5	25.1	15.8	10.5	13.9	36.9	34	38.1	28.4	49.6	11	22.6	19	45.4	36.5	41.6	61.2	47.9	99.1	86.3	79.5	81.5	86.7	77.2	47.3	54.5	39.7	43.9	16.1	41	52.1	18.6	33.5	31	37.6	0	32.9	18.7	7.8	3.1	2.9	15.8	34.3	30.6	2	5.9	9.2	8.6	18.7	15.3	43.4	41.1	58.2	40.4	9.1	7	16.8	15.2	6.4	10.3	7.8	33.7	10.5	1.2	6.3	31.5	7.1	7	20.7	25.3	14	18.7	33.7
27	28.3	28.3	59.8	67.2	83.6	58.6	43.5	38.5	31.5	30	28.1	31.3	42.4	36.4	31.1	30.2	57.5	54.6	58.7	45.7	70.2	27.4	43.2	39.6	66	53.8	46.2	78.5	65.2	119.7	106.9	100.1	102.1	107.3	97.8	37.9	68.4	44.3	64.5	29.9	54.9	72.7	39.2	54.1	51.5	54.9	31.2	0	13.7	33.1	32.6	32.8	17	2.3	3.1	32.7	35.3	32.3	37	13.6	43	20.5	8.7	25.7	7.9	34.9	32.3	23.1	17.9	32.2	30.9	32.2	2.9	34.1	30.5	36.2	45.4	32.6	36.5	12.2	8.1	30.3	39.2	1.5
13.3	14.6	14.6	46.1	53.5	69.9	44.8	29.8	24.8	17.8	16.3	14.3	17.6	28.7	22.6	17.3	16.5	43.8	40.8	44.9	32	56.4	13.7	29.5	25.9	52.3	40.1	32.5	64.8	51.5	106	93.2	86.4	88.4	93.6	84	38.2	54.7	30.6	50.8	16.2	41.2	59	25.5	40.4	37.8	41.1	17.5	16.4	0	19.4	18.9	19.1	3.2	17.8	14.1	19	21.6	18.6	23.3	0.6	29.3	34.3	24.6	41.7	23.9	21.2	18.6	9.4	4.2	18.5	17.2	18.5	17.2	20.4	16.8	22.5	31.7	18.9	22.8	4.2	8.7	16.6	25.5	17.2
7.3	9.1	9.1	35.7	43.1	59.5	51.7	20.2	14.4	9.3	8.8	9.6	6.9	19.1	12.2	5.7	8.2	33.4	30.4	34.5	22.4	46	7.5	19.1	15.5	41.9	30.5	43	55.1	41.8	95.6	82.8	76	78	83.2	73.6	48.7	51	41.1	40.4	12.5	37.5	48.6	15.1	30	27.4	31.5	7	34.3	20.1	0	8.3	7.7	17.2	35.7	32	7.1	11	2.3	1.9	20	19.7	44.8	42.5	59.6	41.8	1.1	1.2	18.2	16.6	1.9	4.6	3.7	35.1	2.4	6.7	11.5	28	2.9	12.2	22.1	26.6	9	15.1	35.1
13.3	14.8	14.8	41.3	48.7	65.1	54.6	28.1	20	17.2	15.9	15.3	12.7	27	17.9	12.7	15.3	39	36.1	40.2	30.3	51.7	13.2	24.7	21.1	47.5	38.4	42.2	63.1	49.8	101.2	88.5	81.6	83.6	88.8	79.3	48	56.7	40.4	46	18.3	43.2	54.2	20.7	35.6	33.1	39.5	2.6	33.5	19.4	8.4	0	5.1	16.5	34.9	31.2	4.9	3.7	11.9	9.2	19.3	12.3	44	41.8	58.8	41.1	9.7	8.4	17.4	15.8	8.6	12.5	10.9	34.3	11.1	2	3.8	33.7	10.2	4.9	21.4	25.9	16.2	20.8	34.4
13.4	11.2	11.2	37.8	45.2	61.6	53.8	24.8	16.5	13.9	12.3	11.7	9.1	23.7	14.4	9.1	12.5	35.5	32.6	36.7	27	48.2	9.6	21.2	17.6	44	35.1	42.3	59.8	46.5	97.7	85	78.1	80.1	85.3	75.8	48.1	53.1	40.5	42.5	14.7	39.6	50.7	17.2	32.1	29.6	36.2	4.2	33.6	19.5	6.8	5.6	0	16.6	35.1	31.4	2.3	8.3	7.8	11.3	19.4	16	44.2	41.9	58.9	41.2	8	5.6	17.6	16	5	8.9	6.4	34.5	12.1	3.5	9.2	30.1	5.7	9.5	21.5	26	12.6	17.3	34.5
11.3	12.5	12.5	44.2	51.5	67.9	44.7	27.7	22.9	15.7	14.2	12.2	15.6	26.6	20.7	15.4	14.4	41.8	38.9	43	29.9	54.5	11.5	27.6	24	50.3	38	32.3	62.6	49.3	104.1	91.3	84.5	86.5	91.6	82.1	38.1	52.6	30.5	48.8	14.1	39	57.1	23.5	38.5	35.9	39	15.6	17.4	3.3	17.4	17	17.2	0	18.9	15.2	17	19.7	16.7	21.3	3.2	27.4	34.2	25.7	42.7	25	19.3	16.7	7.3	2.2	16.6	15.3	16.6	18.2	18.4	14.9	20.5	29.5	17	20.9	5.3	9.8	14.5	23.6	18.3
29	30.3	30.4	61.8	69.2	85.6	60.6	45.5	40.5	33.6	32.1	30.1	33.3	44.4	38.4	33.1	32.2	59.5	56.6	60.7	47.8	72.2	29.4	45.2	41.6	68	55.9	48.2	80.5	67.2	121.7	109	102.1	104.1	109.3	99.8	40	70.4	46.4	66.5	32	56.9	74.7	41.2	56.1	53.6	56.9	33.2	2.6	15.7	35.1	34.6	34.8	19	0	5.1	34.7	37.4	34.4	39	15.7	45.1	22.5	8	25	7.3	37	34.3	25.2	20	34.2	32.9	34.2	4.6	36.1	32.6	38.2	47.4	34.7	38.5	14.3	10.1	32.3	41.3	2.9
25.6	26.9	26.9	58.4	65.8	82.2	47.5	42.1	37.1	30.1	28.6	26.7	29.9	41	34.9	29.6	28.8	56.1	53.1	57.2	44.3	68.7	26	41.8	38.2	64.6	52.4	35.2	77.1	63.8	118.3	105.5	98.7	100.7	105.9	96.4	40.9	67	33.3	63.1	28.5	53.5	71.3	37.8	52.7	50.1	53.4	29.8	3.4	12.3	31.7	31.2	31.4	15.6	4.8	0	31.3	33.9	30.9	35.6	12.2	41.6	21.7	11.6	28.6	10.9	33.5	30.9	21.7	16.5	30.8	29.5	30.8	4.2	32.7	29.1	34.8	44	31.2	35.1	10.8	6.7	28.9	37.8	4.2
8.8	10.6	10.7	37.2	44.6	61	53.3	24.2	15.9	13.3	11.7	11.2	8.5	23.1	13.8	8.5	11.9	34.9	32	36.1	26.5	47.6	9	20.6	17	43.4	34.6	42.1	59.2	45.9	97.1	84.4	77.5	79.5	84.7	75.2	47.8	52.6	40.2	41.9	14.1	39	50.2	16.6	31.5	29	35.6	2.9	33.4	19.3	6.2	5.4	2.1	16.4	34.8	31.1	0	8.1	7.2	10.2	19.2	15.8	43.9	41.7	58.7	40.9	7.4	5	17.3	15.7	4.5	8.4	5.8	34.2	11.5	3.3	8.9	29.5	5.1	9.2	21.3	25.8	12	16.7	34.3
16	17.6	17.6	44.2	51.5	67.9	57.3	31.7	22.9	20.8	18.6	18.1	15.4	30.6	20.7	15.4	18.9	41.9	38.9	43	34	54.5	16	27.6	24	50.4	42	45	66.7	53.4	104.1	91.3	84.5	86.5	91.6	82.1	50.7	59.5	43.1	48.8	21	46	57.1	23.6	38.5	35.9	43.1	6.2	36.3	22.1	12	3.7	7.8	19.2	37.7	34	7.7	0	15.5	12.8	22	11.2	46.8	44.5	61.6	43.8	13.3	12.1	20.2	18.6	11.4	15.3	12.8	37.1	14.7	5.6	2.8	36.5	13.8	1.1	24.1	28.6	18.9	23.6	37.1
6.4	8.4	8.4	31.5	38.9	55.3	51	19	10.2	6.8	5.9	8.9	6.3	17.9	8.1	2.9	5.4	29.2	26.3	30.4	21.2	41.9	6.8	14.9	11.3	37.7	29.3	42.1	53.9	40.6	91.4	78.7	71.8	73.8	79	69.5	47.8	50.3	40.2	36.2	11.8	36.8	44.5	10.9	25.8	23.3	30.3	10.8	33.4	19.2	2.4	12.1	7.9	16.3	34.8	31.1	7.3	14.8	0	2.2	19.1	22.3	43.9	41.6	58.7	40.9	1.4	3	17.3	15.7	3.4	1.8	1.1	34.2	0.9	10.4	15.3	27.3	3.3	16	21.2	25.7	6.2	11	34.2
9.8	11.7	11.7	32.8	40.2	56.6	54.3	19.6	11.5	8.7	8.5	12.2	9.5	18.5	9.4	6.5	6.8	30.5	27.6	31.7	21.8	43.2	10.1	16.2	12.6	39	29.9	45.5	54.6	41.3	92.7	80	73.1	75.1	80.3	70.8	51.3	53.6	43.7	37.5	15.1	40.1	45.8	12.2	27.1	24.6	31	8	36.8	22.7	1.9	9.3	10.3	19.8	38.2	34.5	9.7	12.1	2.2	0	22.6	20.7	47.3	45.1	62.1	44.4	0.9	3.8	20.7	19.1	4.5	3.8	2.7	37.6	1.8	7.7	12.5	30.6	5.5	13.2	24.7	29.2	9	12.3	37.7
13.3	14.7	14.7	46.2	53.5	69.9	44.9	29.9	24.9	17.9	16.4	14.4	17.6	28.8	22.7	17.4	16.6	43.9	40.9	45	32.1	56.5	13.8	29.6	26	52.4	40.2	32.6	64.9	51.6	106.1	93.3	86.5	88.5	93.6	84.1	38.3	54.8	30.7	50.8	16.3	41.2	59.1	25.6	40.5	37.9	41.2	17.6	16.4	0.1	19.5	19	19.2	3.3	17.9	14.2	19	21.7	18.7	23.4	0	29.4	34.4	24.7	41.7	24	21.3	18.7	9.5	4.3	18.6	17.3	18.6	17.3	20.5	16.9	22.5	31.8	19	22.9	4.3	8.8	16.7	25.6	17.3
24	25.5	25.5	52.1	59.5	75.9	65.3	39.1	30.8	28.2	26.6	26	23.4	38	28.7	23.3	26.8	49.8	46.8	51	41.3	62.4	23.9	35.5	31.9	58.3	49.4	52.9	74.1	60.8	112	99.2	92.4	94.4	99.6	90.1	58.6	67.4	51	56.8	28.9	53.9	65	31.5	46.4	43.8	50.4	14.2	44.2	30.1	20.5	12.3	15.8	27.2	45.6	41.9	15.6	11.2	22.1	21.3	30	0	54.7	52.5	69.5	51.7	21.8	20.6	28.1	26.5	19.3	23.2	20.7	45	23.2	13.5	12.5	44.4	20	12.3	32.1	36.6	26.9	31.5	45.1
38.2	39.5	39.5	71	78.4	94.7	42.4	54.7	49.7	42.7	41.2	39.2	42.4	53.6	47.5	42.2	41.4	68.7	65.7	69.8	56.9	81.3	38.6	54.4	50.8	77.2	65	30	89.7	76.4	130.9	118.1	111.3	113.3	118.4	108.9	18.2	54.4	28.2	75.6	41.1	66	83.9	50.4	65.3	62.7	66	42.4	19.8	33.2	44.3	43.8	44	32.4	22.1	21.9	43.9	46.5	43.5	48.2	33.1	54.2	0	28.4	30.1	27.7	46.1	43.5	34.3	31.8	43.4	42.1	43.4	20.2	45.3	41.7	47.3	56.6	43.8	47.7	35.2	26.9	41.5	50.4	20.7
35.4	36.7	36.7	68.2	75.6	92	67	51.9	46.9	39.9	38.4	36.5	39.7	50.8	44.7	39.4	38.6	65.9	62.9	67	54.1	78.5	35.8	51.6	48	74.4	62.2	54.6	86.9	73.6	128.1	115.3	108.5	110.5	115.7	106.2	46.3	76.8	52.7	72.9	38.3	63.3	81.1	47.6	62.5	59.9	63.3	39.6	9	22.1	41.5	41	41.2	25.4	8	11.5	41.1	43.7	40.7	45.4	22	51.4	28.9	0	17.4	6.2	43.3	40.7	31.5	26.3	40.6	39.3	40.6	10.2	42.5	38.9	44.6	53.8	41	44.9	20.6	16.5	38.7	47.6	8.5
52.4	53.8	53.8	85.3	92.6	109	70.9	69	64	57	55.5	53.5	56.7	67.9	61.8	56.5	55.7	82.9	80	84.1	71.2	95.6	52.9	68.7	65.1	91.5	79.3	58.5	104	90.6	145.2	132.4	125.6	127.6	132.7	123.2	46.6	93.9	56.6	89.9	55.4	80.3	98.2	64.7	79.6	77	80.3	56.7	26.1	39.2	58.5	58.1	58.3	42.4	25.1	28.6	58.1	60.8	57.8	62.5	39.1	68.5	30.1	17.4	0	23.3	60.4	57.8	48.6	43.4	57.7	56.4	57.7	27.3	59.5	56	61.6	70.9	58.1	62	37.7	33.6	55.8	64.7	25.5
34.6	35.9	36	67.4	74.8	91.2	66.2	51.1	46.1	39.2	37.7	35.7	38.9	50	44	38.7	37.8	65.1	62.2	66.3	53.4	77.8	35	50.8	47.2	73.6	61.5	53.8	86.1	72.8	127.3	114.6	107.7	109.7	114.9	105.4	45.6	76.1	52	72.1	37.6	62.5	80.3	46.8	61.7	59.2	62.5	38.8	8.2	21.3	40.7	40.2	40.4	24.6	7.3	10.7	40.3	43	40	44.6	21.3	50.7	28.1	6.2	23.2	0	42.6	39.9	30.8	25.6	39.8	38.5	39.9	9.4	41.7	38.2	43.8	53	40.3	44.1	19.9	15.7	37.9	46.9	7.7
9.2	9.8	9.8	32.2	39.6	56	53.9	19	10.9	8.1	7.9	10.3	9.1	17.9	8.8	5.9	6.2	29.9	27	31.1	21.2	42.6	9.6	15.6	12	38.4	29.3	44.9	54	40.7	92.1	79.4	72.5	74.5	79.7	70.2	50.7	53.2	43.1	36.9	14.7	39.6	45.2	11.6	26.5	24	30.4	7.6	36.2	22.1	1.1	8.9	9.1	19.2	37.6	33.9	8.5	11.6	1.4	0.9	22	20.3	46.7	44.5	61.5	43.8	0	2.6	20.1	18.5	3.3	3	1.9	37	1.2	7.2	12.1	30.1	4.3	12.8	24.1	28.6	8.4	11.7	37.1
6.4	8.2	8.3	34.8	42.2	58.6	50.8	21.8	13.5	8.8	7.9	8.7	6.1	20.7	11.4	4.9	7.4	32.5	29.6	33.7	24.1	45.2	6.6	18.2	14.6	41	32.1	42.1	56.8	43.5	94.7	82	75.1	77.1	82.3	72.8	47.9	50.2	40.3	39.5	11.7	36.6	47.7	14.2	29.1	26.6	33.2	7.1	33.4	19.3	1.4	8.3	5.9	16.4	34.8	31.1	5.4	11.1	4.2	4.1	19.2	19.8	43.9	41.7	58.7	40.9	2.5	0	17.3	15.7	0.9	3.8	2.8	34.2	6	6.7	11.6	27.1	2.1	12.3	21.3	25.8	8.2	14.3	34.3
10	6.1	6.1	36.6	43.9	57.2	46.9	21.3	15.3	9.3	7.8	5.8	7.6	20.2	13.1	10.7	8	34.3	31.3	35.4	23.5	46.9	5.2	20	16.4	42.8	31.6	32.5	56.3	43	93.4	80.6	73.8	75.8	80.9	71.4	38.2	46.2	30.7	38.1	7.7	32.7	49.5	16	30.9	28.3	32.6	16.8	23.8	9.7	12.4	18.2	14.6	6.6	25.2	21.5	14.1	20.9	12	16.6	9.6	28.6	34.3	32.1	49.1	31.3	14.6	11.6	0	5.9	11.6	10.5	11.8	24.6	13.7	16.1	21.8	23.2	12	22.1	11.7	16.2	8.1	16	24.7
9.9	11.1	11.1	42.7	50.1	66.5	43.3	26.2	21.4	14.3	12.8	10.8	14.2	25.2	19.3	14	12.9	40.4	37.5	41.6	28.5	53.1	10.1	26.2	22.6	48.9	36.6	30.9	61.2	47.9	102.6	89.9	83	85.1	90.2	80.7	36.7	51.2	29.1	47.4	12.7	37.6	55.7	22.1	37	34.5	37.6	14.2	19.3	5.2	16	15.6	15.8	2.1	20.7	17	15.6	18.3	15.3	19.9	5.1	26	32.8	27.6	44.6	26.8	17.9	15.2	5.9	0	15.2	13.9	15.2	20.1	17	13.5	19.1	28.1	15.6	19.4	7.2	11.7	13.1	22.2	20.2
6.1	7.9	7.9	33	40.4	56.8	50.5	20	11.7	8.3	7.4	8.4	5.8	18.9	9.6	4.4	6.9	30.7	27.8	31.9	22.3	43.4	6.3	16.4	12.8	39.2	30.4	41.8	55	41.7	92.9	80.2	73.3	75.3	80.5	71	47.5	49.8	39.9	37.7	11.3	36.3	46	12.4	27.3	24.8	31.4	7.8	33.1	19	1.7	9	5.4	16	34.5	30.8	4.8	11.8	3.7	4.8	18.9	19.8	43.6	41.4	58.4	40.6	2.9	0.9	17	15.4	0	3.2	2.3	33.9	3.7	7.4	12.3	26.8	1.8	13	20.9	25.5	7.7	12.5	34
5	7	7.1	30.2	37.6	54	49.7	17.2	8.9	5.5	4.6	7.6	4.9	16.1	6.7	1.5	4	27.9	24.9	29	19.4	40.5	5.4	13.6	10	36.4	27.5	40.7	52.2	38.9	90.1	77.3	70.5	72.5	77.7	68.1	46.5	49	38.9	34.9	10.5	35.4	43.1	9.6	24.5	21.9	28.5	10.9	32	17.9	4.8	12.1	7.8	15	33.4	29.7	7.2	20.7	1.8	7.4	17.8	28.4	42.5	40.3	57.3	39.6	5.3	4	15.9	14.3	3.3	0	1.7	32.8	4.5	9.7	15.4	25.9	2.9	21.9	19.9	24.4	4.8	9.6	32.9
6.3	8.3	8.3	31.4	38.8	55.2	50.9	18.4	10.1	6.7	5.8	8.8	6.2	17.3	8	2.7	5.2	29.1	26.2	30.3	20.6	41.8	6.7	14.8	11.2	37.6	28.7	41.9	53.4	40.1	91.3	78.6	71.7	73.7	78.9	69.4	47.7	50.2	40.1	36.1	11.7	36.7	44.3	10.8	25.7	23.2	29.8	9.9	33.2	19.1	2.3	11.1	6.8	16.2	34.7	31	6.2	13.5	1.1	2.7	19	21.2	43.8	41.5	58.5	40.8	1.8	3	17.2	15.6	2.3	1.6	0	34.1	1.7	8.7	14.4	27.2	2.2	14.6	21.1	25.6	6.1	10.9	34.1
28.1	29.5	29.5	61	68.3	84.7	59.7	44.7	39.7	32.7	31.2	29.2	32.4	43.6	37.5	32.2	31.4	58.6	55.7	59.8	46.9	71.3	28.5	44.4	40.8	67.2	55	47.3	79.6	66.3	120.9	108.1	101.3	103.3	108.4	98.9	37.7	69.6	45.5	65.6	31.1	56	73.9	40.4	55.3	52.7	56	32.4	2	14.9	34.2	33.8	34	18.1	4.7	4.3	33.8	36.5	33.5	38.2	14.8	44.2	20.2	10.2	27.2	9.4	36.1	33.5	24.3	19.1	33.4	32.1	33.4	0	35.2	31.7	37.3	46.6	33.8	37.7	13.4	9.3	31.5	40.4	2.2
8.4	8.9	9	31.4	38.8	55.2	53	18.2	10.1	7.3	7	9.5	8.3	17.1	7.9	5	5.3	29.1	26.1	30.2	20.4	41.7	8.8	14.8	11.2	37.6	28.5	44.1	53.1	39.8	91.3	78.5	71.7	73.7	78.9	69.3	49.8	52.3	42.2	36.1	13.8	38.8	44.3	10.8	25.7	23.1	29.5	10	35.4	21.2	2.4	11.3	8.3	18.3	36.8	33.1	7.7	14	0.9	1.8	21.1	22.7	45.9	43.6	60.7	42.9	1.2	5.7	19.3	17.7	3.8	2.6	1.7	36.2	0	9.7	14.5	29.3	3.7	15.2	23.2	27.7	7.5	10.8	36.2
11.6	13.1	13.1	40.1	47.5	63.9	52.9	26.9	18.8	16	14.2	13.6	11	25.8	16.7	10.9	14.1	37.8	34.9	39	29.1	50.5	11.5	23.5	19.9	46.3	37.2	40.5	61.9	48.6	100	87.2	80.4	82.4	87.6	78.1	46.2	55	38.7	44.8	16.5	41.5	53	19.5	34.4	31.8	38.2	0.8	31.8	17.7	7.2	2.2	3.4	14.8	33.2	29.5	3.2	4.9	10.7	7.9	17.6	14.2	42.3	40.1	57.1	39.3	8.5	7.2	15.7	14.1	6.9	10.8	8.3	32.6	9.8	0	5.4	32	9	6.1	19.7	24.2	14.5	19.5	32.7
16.9	18.4	18.4	44.7	52	68.4	58.2	31.4	23.4	20.5	20.3	18.9	16.3	30.3	21.2	16.3	18.6	42.3	39.4	43.5	33.7	55	16.8	28.1	24.5	50.9	41.8	45.8	66.4	53.1	104.6	91.8	85	87	92.1	82.6	51.5	60.3	44	49.3	21.8	46.8	57.6	24.1	39	36.4	42.8	6	37.1	23	11.7	3.7	8.7	20.1	38.5	34.8	8.5	2.8	15.2	12.5	22.9	12.5	47.6	45.4	62.4	44.6	13	11.8	21	19.4	12.5	15.2	14.3	37.9	14.4	5.3	0	37.3	13.5	3.9	25	29.5	20.8	24.1	38
26.9	23	23	56.4	63.7	74.1	38.1	41.3	35.1	26.2	24.7	22.8	24	37.1	32.9	27.6	24.9	54	51.1	55.2	37.9	66.7	24.2	39.8	36.2	62.5	30	32.3	55	41.7	110.3	97.5	90.7	92.7	97.8	88.3	43.8	23.4	32.7	55	20	9.9	69.3	35.8	50.7	48.1	30	34.1	47.4	33.2	29.4	35.5	31.5	30.1	48.8	45.1	31	38.3	28.9	33.6	33.1	46	57.9	55.6	72.7	54.9	31.5	28.6	28.1	29.5	28.5	27.5	28.8	48.2	30.6	33.5	39.1	0	28.9	39.4	35.2	39.7	25	35.8	48.2
4.6	6.4	6.4	33	40.3	56.7	49	20	11.7	9	7.4	6.9	4.2	18.9	9.5	4.2	7.6	30.6	27.7	31.8	22.2	43.3	4.7	16.4	12.8	39.2	30.3	40.2	54.9	41.6	92.9	80.1	73.3	75.3	80.4	70.9	46	48.3	38.4	37.6	9.8	34.7	45.9	12.4	27.3	24.7	31.3	9	31.5	17.4	4.7	10.4	6.4	14.5	33	29.3	5.9	13.1	3.3	10.2	17.3	20.8	42.1	39.8	56.8	39.1	8.1	3.9	15.4	13.9	3.8	4.1	3.2	32.3	7.2	8.3	14	25.3	0	14.3	19.4	23.9	7.7	12.4	32.4
17.2	18.7	18.7	45.3	52.7	69.1	58.5	32.9	24	22	19.8	19.2	16.6	31.8	21.9	16.6	20.1	43	40.1	44.2	35.1	55.7	17.1	28.7	25.1	51.5	43.2	46.1	67.9	54.6	105.2	92.5	85.6	87.6	92.8	83.3	51.9	60.7	44.3	50	22.2	47.1	58.2	24.7	39.6	37.1	44.2	7.4	37.4	23.3	13.2	4.9	9	20.4	38.9	35.1	8.9	1.1	16.7	14	23.2	12.4	48	45.7	62.7	45	14.5	13.2	21.3	19.7	12.5	16.4	13.9	38.2	15.8	6.7	3.9	37.6	15	0	25.3	29.8	20.1	24.8	38.3
15.8	17.1	17.1	48.6	56	72.4	47.4	32.3	27.3	20.3	18.8	16.9	20.1	31.2	25.2	19.8	19	46.3	43.3	47.5	34.5	58.9	16.2	32	28.4	54.8	42.6	35	67.3	54	108.5	95.7	88.9	90.9	96.1	86.6	40.7	57.2	33.1	53.3	18.7	43.7	61.5	28	42.9	40.3	43.7	20	13	2.5	21.9	21.4	21.6	5.8	14.5	10.8	21.5	24.1	21.1	25.8	2.4	31.8	36.8	21.3	38.3	20.6	23.7	21.1	11.9	6.7	21	19.7	21	13.8	22.9	19.3	25	34.2	21.4	25.3	0	5.4	19.1	28	13.9
19.8	21.1	21.1	52.6	60	76.4	51.3	36.3	31.3	24.3	22.8	20.9	24.1	35.2	29.1	23.8	23	50.3	47.3	51.4	38.5	62.9	20.2	36	32.4	58.8	46.6	39	71.3	58	112.5	99.7	92.9	94.9	100.1	90.5	44.7	61.2	37.1	57.3	22.7	47.7	65.5	32	46.9	44.3	47.6	24	8.6	6.5	25.9	25.4	25.6	9.7	10	6.3	25.5	28.1	25.1	29.8	6.4	35.8	27	16.9	33.9	16.2	27.7	25.1	15.9	10.7	25	23.7	25	9.4	26.9	23.3	29	38.2	25.4	29.3	5	0	23.1	32	9.5
9.1	1.6	1.6	30.5	37.9	50.6	46.7	12.8	9.2	1.6	0.7	2.7	4	11.7	7.1	3.9	1.9	28.2	25.3	29.4	15	40.9	7.4	13.9	10.3	36.7	23.1	39.3	47.8	34.5	86.7	74	67.1	69.1	74.3	64.8	45	46	37.4	31.5	6.2	32.5	43.4	9.9	24.8	22.2	24.2	16.3	30.6	16.4	9.1	17.5	12.3	13.3	32	28.3	11.7	19	6.4	10	16.4	26.7	41.1	38.8	55.9	38.1	8	9.3	11.3	12.7	7.9	4.9	6.3	31.4	7.1	14.2	19.8	23	7.8	20.2	18.4	23	0	9.9	31.4
13.3	11.5	11.5	24.8	32.1	53.6	57.9	21.1	2.1	10.2	9.6	12	13.2	20	3.5	9.9	9.1	22.5	19.5	23.6	23.4	35.1	13.7	8.2	3.8	31	31.4	49	56.1	42.8	89.7	76.9	70.1	72.1	77.3	67.8	54.7	57.2	47.1	34.5	15.4	43.7	37.7	2.4	19.1	16.5	32.5	20.8	40.3	26.1	13.6	26.3	18.2	23.2	41.7	38	17.7	29	11.7	14.5	26.1	36.7	50.8	48.6	65.6	47.8	12.4	15.2	24.2	22.6	13.2	10.3	11.6	41.1	11.6	24.2	29.8	34.2	13.1	30.2	28.1	32.7	9.9	0	41.1
28	29.3	29.3	60.8	68.2	84.6	59.6	44.5	39.5	32.5	31	29.1	32.3	43.4	37.4	32.1	31.2	58.5	55.6	59.7	46.7	71.2	28.4	44.2	40.6	67	54.8	47.2	79.5	66.2	120.7	107.9	101.1	103.1	108.3	98.8	38.3	69.4	45.3	65.5	30.9	55.9	73.7	40.2	55.1	52.5	55.9	32.2	1	14.7	34.1	33.6	33.8	18	3.1	4.1	33.7	36.4	33.4	38	14.6	44	20.9	8.5	25.5	7.7	35.9	33.3	24.1	18.9	33.2	31.9	33.2	2.2	35.1	31.6	37.2	46.4	33.6	37.5	13.2	9.1	31.3	40.2	0
